NA	1	1	M00000423	0
NA	1	1	M00000424	0
NA	1	1	M00000425	1
NA	1	1	M00000426	1
NA	1	1	M00000427	-1
NA	1	1	M00000428	1
NA	1	1	M00000429	1
NA	1	1	M00000430	0
NA	1	1	M00000431	1
NA	1	1	M00000432	0
NA	1	1	M00000433	0
NA	1	1	M00000434	1
NA	1	1	M00000435	-1
NA	1	1	M00000436	-1
NA	1	1	M00000437	1
NA	1	1	M00000438	0
NA	1	1	M00000439	0
NA	1	1	M00000440	0
NA	1	1	M00000441	0
NA	1	1	M00000442	1
NA	1	1	M00000443	-1
NA	1	1	M00000444	0
NA	1	1	M00000445	0
NA	1	1	M00000446	0
NA	1	1	M00000447	1
NA	1	1	M00000448	1
NA	1	1	M00000449	0
NA	1	1	M00000450	1
NA	1	1	M00000451	0
NA	1	1	M00000452	0
NA	1	1	M00000453	0
NA	1	1	M00000454	0
NA	1	1	M00000455	1
NA	1	1	M00000456	0
NA	1	1	M00000457	0
NA	1	1	M00000458	0
NA	1	1	M00000459	0
NA	1	1	M00000460	1
NA	1	1	M00000461	-1
NA	1	1	M00000463	0
NA	1	1	M00000464	1
NA	1	1	M00000465	0
NA	1	1	M00000466	0
NA	1	1	M00000467	1
NA	1	1	M00000468	1
NA	1	1	M00000469	-1
NA	1	1	M00000470	0
NA	1	1	M00000471	0
NA	1	1	M00000472	0
NA	1	1	M00000473	0
NA	1	1	M00000474	0
NA	1	1	M00000475	1
NA	1	1	M00000476	0
NA	1	1	M00000477	0
NA	1	1	M00000478	0
NA	1	1	M00000479	0
NA	1	1	M00000480	1
NA	1	1	M00000481	-1
NA	1	1	M00000482	1
NA	1	1	M00000483	1
NA	1	1	M00000484	0
NA	1	1	M00000485	1
NA	1	1	M00000486	0
NA	1	1	M00000487	0
NA	1	1	M00000488	0
NA	1	1	M00000489	0
NA	1	1	M00000490	1
NA	1	1	M00000491	-1
NA	1	1	M00000492	1
NA	1	1	M00000493	-1
NA	1	1	M00000494	1
NA	1	1	M00000495	0
NA	1	1	M00000496	1
NA	1	1	M00000497	0
NA	1	1	M00000498	0
NA	1	1	M00000499	0
NA	1	1	M00000500	1
NA	1	1	M00000501	0
NA	1	1	M00000502	1
NA	1	1	M00000503	0
NA	1	1	M00000504	1
NA	1	1	M00000505	1
NA	1	1	M00000506	0
NA	1	1	M00000507	1
NA	1	1	M00000508	1
NA	1	1	M00000509	0
NA	1	1	M00000510	0
NA	1	1	M00000511	0
NA	1	1	M00000512	0
NA	1	1	M00000513	-1
NA	1	1	M00000514	0
NA	1	1	M00000515	0
NA	1	1	M00000516	0
NA	1	1	M00000517	0
NA	1	1	M00000518	0
NA	1	1	M00000519	1
NA	1	1	M00000520	0
NA	1	1	M00000521	0
NA	1	1	M00000522	0
NA	1	1	M00000523	0
NA	1	1	M00000524	0
NA	1	1	M00000525	1
NA	1	1	M00000526	1
NA	1	1	M00000527	0
NA	1	1	M00000528	0
NA	1	1	M00000529	-1
NA	1	1	M00000530	0
NA	1	1	M00000531	0
NA	1	1	M00000533	-1
NA	1	1	M00000534	-1
NA	1	1	M00000535	1
NA	1	1	M00000536	0
NA	1	1	M00000537	0
NA	1	1	M00000538	1
NA	1	1	M00000539	0
NA	1	1	M00000540	-1
NA	1	1	M00000541	-1
NA	1	1	M00000543	-1
NA	1	1	M00000544	-1
NA	1	1	M00000545	0
NA	1	1	M00000546	0
NA	1	1	M00000547	0
NA	1	1	M00000548	-1
NA	1	1	M00000549	-1
NA	1	1	M00000550	-1
NA	1	1	M00000551	0
NA	1	1	M00000552	-1
NA	1	1	M00000553	0
NA	1	1	M00000554	-1
NA	1	1	M00000555	0
NA	1	1	M00000556	0
NA	1	1	M00000557	0
NA	1	1	M00000558	-1
NA	1	1	M00000559	0
NA	1	1	M00000560	0
NA	1	1	M00000561	0
NA	1	1	M00000562	0
NA	1	1	M00000563	0
NA	1	1	M00000564	0
NA	1	1	M00000565	0
NA	1	1	M00000566	0
NA	1	1	M00000567	0
NA	1	1	M00000568	0
NA	1	1	M00000569	0
NA	1	1	M00000570	0
NA	1	1	M00000571	0
NA	1	1	M00000572	-1
NA	1	1	M00000573	1
NA	1	1	M00000574	0
NA	1	1	M00000575	1
NA	1	1	M00000576	0
NA	1	1	M00000577	0
NA	1	1	M00000578	0
NA	1	1	M00000580	1
NA	1	1	M00000581	0
NA	1	1	M00000582	0
NA	1	1	M00000583	0
NA	1	1	M00000584	0
NA	1	1	M00000585	0
NA	1	1	M00000586	0
NA	1	1	M00000587	0
NA	1	1	M00000588	-1
NA	1	1	M00000589	0
NA	1	1	M00000590	0
NA	1	1	M00000591	0
NA	1	1	M00000592	0
NA	1	1	M00000593	0
NA	1	1	M00000594	1
NA	1	1	M00000595	-1
NA	1	1	M00000596	0
NA	1	1	M00000597	0
NA	1	1	M00000598	-1
NA	1	1	M00000599	0
NA	1	1	M00000600	0
NA	1	1	M00000601	1
NA	1	1	M00000602	0
NA	1	1	M00000603	1
NA	1	1	M00000604	0
NA	1	1	M00000605	0
NA	1	1	M00000606	-1
NA	1	1	M00000607	1
NA	1	1	M00000608	0
NA	1	1	M00000609	0
NA	1	1	M00000610	1
NA	1	1	M00000611	0
NA	1	1	M00000612	0
NA	1	1	M00000613	1
NA	1	1	M00000614	-1
NA	1	1	M00000615	0
NA	1	1	M00000616	0
NA	1	1	M00000617	0
NA	1	1	M00000618	0
NA	1	1	M00000619	0
NA	1	1	M00000620	1
NA	1	1	M00000621	0
NA	1	1	M00000622	1
NA	1	1	M00000623	0
NA	1	1	M00000624	0
NA	1	1	M00000625	0
NA	1	1	M00000626	0
NA	1	1	M00000627	0
NA	1	1	M00000628	0
NA	1	1	M00000629	-1
NA	1	1	M00000630	1
NA	1	1	M00000631	0
NA	1	1	M00000632	0
NA	1	1	M00000633	0
NA	1	1	M00000634	0
NA	1	1	M00000635	0
NA	1	1	M00000636	0
NA	1	1	M00000637	-1
NA	1	1	M00000638	1
NA	1	1	M00000639	1
NA	1	1	M00000640	0
NA	1	1	M00000641	0
NA	1	1	M00000642	1
NA	1	1	M00000643	0
NA	1	1	M00000644	0
NA	1	1	M00000645	0
NA	1	1	M00000646	0
NA	1	1	M00000647	0
NA	1	1	M00000648	0
NA	1	1	M00000649	0
NA	1	1	M00000650	1
NA	1	1	M00000651	-1
NA	1	1	M00000652	0
NA	1	1	M00000653	0
NA	1	1	M00000654	0
NA	1	1	M00000655	0
NA	1	1	M00000656	1
NA	1	1	M00000657	0
NA	1	1	M00000658	0
NA	1	1	M00000659	0
NA	1	1	M00000661	0
NA	1	1	M00000662	0
NA	1	1	M00000663	0
NA	1	1	M00000664	0
NA	1	1	M00000665	0
NA	1	1	M00000666	0
NA	1	1	M00000667	0
NA	1	1	M00000668	0
NA	1	1	M00000669	0
NA	1	1	M00000670	0
NA	1	1	M00000671	0
NA	1	1	M00000672	0
NA	1	1	M00000673	-1
NA	1	1	M00000674	0
NA	1	1	M00000675	0
NA	1	1	M00000676	0
NA	1	1	M00000677	0
NA	1	1	M00000678	0
NA	1	1	M00000679	0
NA	1	1	M00000681	0
NA	1	1	M00000682	-1
NA	1	1	M00000683	0
NA	1	1	M00000684	1
NA	1	1	M00000685	1
NA	1	1	M00000686	-1
NA	1	1	M00000687	1
NA	1	1	M00000688	1
NA	1	1	M00000689	1
NA	1	1	M00000690	1
NA	1	1	M00000691	1
NA	1	1	M00000692	0
NA	1	1	M00000693	-1
NA	1	1	M00000694	0
NA	1	1	M00000695	0
NA	1	1	M00000696	1
NA	1	1	M00000697	0
NA	1	1	M00000698	0
NA	1	1	M00000699	0
NA	1	1	M00000700	1
NA	1	1	M00000701	0
NA	1	1	M00000702	-1
NA	1	1	M00000703	1
NA	1	1	M00000704	0
NA	1	1	M00000705	0
NA	1	1	M00000706	1
NA	1	1	M00000707	1
NA	1	1	M00000708	0
NA	1	1	M00000710	1
NA	1	1	M00000711	0
NA	1	1	M00000712	0
NA	1	1	M00000713	0
NA	1	1	M00000714	0
NA	1	1	M00000715	1
NA	1	1	M00000716	1
NA	1	1	M00000717	0
NA	1	1	M00000718	1
NA	1	1	M00000719	1
NA	1	1	M00000720	0
NA	1	1	M00000721	0
NA	1	1	M00000722	1
NA	1	1	M00000723	0
NA	1	1	M00000724	1
NA	1	1	M00000725	0
NA	1	1	M00000726	0
NA	1	1	M00000727	0
NA	1	1	M00000728	0
NA	1	1	M00000729	1
NA	1	1	M00000730	1
NA	1	1	M00000731	0
NA	1	1	M00000732	0
NA	1	1	M00000733	1
NA	1	1	M00000734	0
NA	1	1	M00000735	1
NA	1	1	M00000736	-1
NA	1	1	M00000737	1
NA	1	1	M00000738	1
NA	1	1	M00000739	0
NA	1	1	M00000740	0
NA	1	1	M00000741	1
NA	1	1	M00000742	1
NA	1	1	M00000743	0
NA	1	1	M00000744	0
NA	1	1	M00000745	0
NA	1	1	M00000747	0
NA	1	1	M00000748	0
NA	1	1	M00000749	0
NA	1	1	M00000750	0
NA	1	1	M00000751	0
NA	1	1	M00000752	0
NA	1	1	M00000753	0
NA	1	1	M00000754	0
NA	1	1	M00000755	-1
NA	1	1	M00000756	0
NA	1	1	M00000757	1
NA	1	1	M00000758	0
NA	1	1	M00000759	0
NA	1	1	M00000760	0
NA	1	1	M00000761	1
NA	1	1	M00000763	1
NA	1	1	M00000764	-1
NA	1	1	M00000765	-1
NA	1	1	M00000766	0
NA	1	1	M00000767	0
NA	1	1	M00000768	0
NA	1	1	M00000769	0
NA	1	1	M00000770	-1
NA	1	1	M00000771	0
NA	1	1	M00000772	0
NA	1	1	M00000773	-1
NA	1	1	M00000774	-1
NA	1	1	M00000775	0
NA	1	1	M00000776	1
NA	1	1	M00000778	0
NA	1	1	M00000779	0
NA	1	1	M00000780	0
NA	1	1	M00000781	0
NA	1	1	M00000782	1
NA	1	1	M00000783	1
NA	1	1	M00000784	0
NA	1	1	M00000785	0
NA	1	1	M00000786	0
NA	1	1	M00000787	0
NA	1	1	M00000788	0
NA	1	1	M00000789	0
NA	1	1	M00000790	0
NA	1	1	M00000791	1
NA	1	1	M00000792	0
NA	1	1	M00000793	0
NA	1	1	M00000794	0
NA	1	1	M00000795	-1
NA	1	1	M00000796	0
NA	1	1	M00000797	1
NA	1	1	M00000798	-1
NA	1	1	M00000799	0
NA	1	1	M00000906	0
NA	1	1	M00000907	1
NA	1	1	M00000908	0
NA	1	1	M00000909	0
NA	1	1	M00000940	0
NA	1	1	M00000941	0
NA	1	1	M00000942	1
NA	1	1	M00000943	0
NA	1	1	M00000944	1
NA	1	1	M00000945	-1
NA	1	1	M00000946	1
NA	1	1	M00000947	0
NA	1	1	M00000948	-1
NA	1	1	M00000949	0
NA	1	1	M00000950	1
NA	1	1	M00000951	0
NA	1	1	M00000952	0
NA	1	1	M00000953	0
NA	1	1	M00000954	0
NA	1	1	M00000955	1
NA	1	1	M00000956	-1
NA	1	1	M00000957	0
NA	1	1	M00000958	0
NA	1	1	M00000959	0
NA	1	1	M00000960	0
NA	1	1	M00000961	0
NA	1	1	M00000962	1
NA	1	1	M00000963	1
NA	1	1	M00000964	0
NA	1	1	M00000965	0
NA	1	1	M00000966	0
NA	1	1	M00000967	0
NA	1	1	M00000968	0
NA	1	1	M00000969	0
NA	1	1	M00000970	0
NA	1	1	M00000971	0
NA	1	1	M00000972	0
NA	1	1	M00000973	0
NA	1	1	M00000974	0
NA	1	1	M00000975	-1
NA	1	1	M00000976	0
NA	1	1	M00000977	0
NA	1	1	M00000978	0
NA	1	1	M00000979	0
NA	1	1	M00008660	-1
NA	1	1	M00008661	0
NA	1	1	M00008662	1
NA	1	1	M00008663	0
NA	1	1	M00008664	0
NA	1	1	M00008665	-1
NA	1	1	M00008666	0
NA	1	1	M00008667	0
NA	1	1	M00008668	0
NA	1	1	M00008669	1
NA	1	1	M00008670	1
NA	1	1	M00008671	0
NA	1	1	M00008672	1
NA	1	1	M00008673	1
NA	1	1	M00008674	0
NA	1	1	M00008675	0
NA	1	1	M00008676	1
NA	1	1	M00008677	0
NA	1	1	M00008678	-1
NA	1	1	M00008679	0
NA	1	1	M00008680	0
NA	1	1	M00008681	0
NA	1	1	M00008682	-1
NA	1	1	M00008683	0
NA	1	1	M00008684	1
NA	1	1	M00008685	0
NA	1	1	M00008686	0
NA	1	1	M00008687	0
NA	1	1	M00008688	0
NA	1	1	M00008689	0
NA	1	1	M00008690	0
NA	1	1	M00008691	0
NA	1	1	M00008692	0
NA	1	1	M00008693	1
NA	1	1	M00008694	-1
NA	1	1	M00008695	1
NA	1	1	M00008696	1
NA	1	1	M00008697	-1
NA	1	1	M00008698	0
NA	1	1	M00008699	1
NA	1	1	M00008700	0
NA	1	1	M00008701	0
NA	1	1	M00008702	0
NA	1	1	M00008703	0
NA	1	1	M00008704	0
NA	1	1	M00008705	-1
NA	1	1	M00008706	0
NA	1	1	M00008707	1
NA	1	1	M00008708	0
NA	1	1	M00008709	0
NA	1	1	M00008710	0
NA	1	1	M00008711	0
NA	1	1	M00008712	1
NA	1	1	M00008713	-1
NA	1	1	M00008714	0
NA	1	1	M00008715	0
NA	1	1	M00008716	0
NA	1	1	M00008717	0
NA	1	1	M00008718	-1
NA	1	1	M00008719	0
NA	1	1	M00008720	0
NA	1	1	M00008721	0
NA	1	1	M00008722	0
NA	1	1	M00008723	0
NA	1	1	M00008724	0
NA	1	1	M00008725	0
NA	1	1	M00008726	0
NA	1	1	M00008727	0
NA	1	1	M00008728	0
NA	1	1	M00008729	1
NA	1	1	M00008730	0
NA	1	1	M00008731	0
NA	1	1	M00008732	0
NA	1	1	M00008733	0
NA	1	1	M00008734	0
NA	1	1	M00008735	0
NA	1	1	M00008736	1
NA	1	1	M00008737	0
NA	1	1	M00008738	-1
NA	1	1	M00008739	0
NA	1	1	M00008740	0
NA	1	1	M00015338	-1
NA	1	1	M00015339	0
NA	1	1	M00015340	-1
NA	1	1	M00015341	0
NA	1	1	M00015342	0
NA	1	1	M00015343	0
NA	1	1	M00015344	0
NA	1	1	M00015345	0
NA	1	1	M00015346	0
NA	1	1	M00015348	1
NA	1	1	M00015349	1
NA	1	1	M00015350	0
NA	1	1	M00015351	0
NA	1	1	M00015352	1
NA	1	1	M00015353	1
NA	1	1	M00015354	-1
NA	1	1	M00015355	0
NA	1	1	M00015356	0
NA	1	1	M00015357	1
NA	1	1	M00015358	0
NA	1	1	M00015359	0
NA	1	1	M00015360	0
NA	1	1	M00015361	0
NA	1	1	M00015362	1
NA	1	1	M00015363	0
NA	1	1	M00015364	0
NA	1	1	M00015365	0
NA	1	1	M00015366	1
NA	1	1	M00015367	0
NA	1	1	M00015368	0
NA	1	1	M00015369	1
NA	1	1	M00015370	0
NA	1	1	M00015371	0
NA	1	1	M00015372	0
NA	1	1	M00015373	1
NA	1	1	M00015374	0
NA	1	1	M00015375	0
NA	1	1	M00015376	0
NA	1	1	M00015377	0
NA	1	1	M00015378	0
NA	1	1	M00015379	0
NA	1	1	M00015380	1
NA	1	1	M00015381	0
NA	1	1	M00015382	0
NA	1	1	M00015383	1
NA	1	1	M00015384	1
NA	1	1	M00015385	1
NA	1	1	M00015386	0
NA	1	1	M00015387	0
NA	1	1	M00015388	0
NA	1	1	M00015389	0
NA	1	1	M00015390	0
NA	1	1	M00015391	0
NA	1	1	M00015392	0
NA	1	1	M00015393	-1
NA	1	1	M00015394	0
NA	1	1	M00015395	0
NA	1	1	M00015396	1
NA	1	1	M00015397	1
NA	1	1	M00015398	0
NA	1	1	M00015399	0
NA	1	1	M00015400	0
NA	1	1	M00015401	0
NA	1	1	M00015402	0
NA	1	1	M00015403	0
NA	1	1	M00015404	-1
NA	1	1	M00015405	0
NA	1	1	M00015406	0
NA	1	1	M00015407	0
NA	1	1	M00015408	0
NA	1	1	M00015409	0
NA	1	1	M00015410	0
NA	1	1	M00015411	0
NA	1	1	M00015412	1
NA	1	1	M00015413	0
NA	1	1	M00015414	0
NA	1	1	M00015415	1
NA	1	1	M00015416	0
NA	1	1	M00015417	1
NA	1	1	M00015418	1
NA	1	1	M00015419	0
NA	1	1	M00015420	0
NA	1	1	M00015421	0
NA	1	1	M00015422	1
NA	1	1	M00015423	0
NA	1	1	M00015424	0
NA	1	1	M00015425	-1
NA	1	1	M00015426	0
NA	1	1	M00015427	1
NA	1	1	M00015428	1
NA	1	1	M00015429	0
NA	1	1	M00015430	1
NA	1	1	M00015431	0
NA	1	1	M00015432	-1
NA	1	1	M00015433	0
NA	1	1	M00015434	0
NA	1	1	M00015435	-1
NA	1	1	M00015436	0
NA	1	1	M00015437	0
NA	1	1	M00015438	1
NA	1	1	M00015439	1
NA	1	1	M00015440	0
NA	1	1	M00015441	0
NA	1	1	M00015442	0
NA	1	1	M00015443	0
NA	1	1	M00015444	1
NA	1	1	M00015445	1
NA	1	1	M00015446	0
NA	1	1	M00015447	0
NA	1	1	M00015448	0
NA	1	1	M00015449	0
NA	1	1	M00015450	0
NA	1	1	M00015451	0
NA	1	1	M00015452	1
NA	1	1	M00015453	1
NA	1	1	M00015454	1
NA	1	1	M00015455	0
NA	1	1	M00015456	0
NA	1	1	M00015457	0
NA	1	1	M00015458	0
NA	1	1	M00015459	0
NA	1	1	M00015460	-1
NA	1	1	M00015461	-1
NA	1	1	M00015462	0
NA	1	1	M00015463	0
NA	1	1	M00015464	0
NA	1	1	M00015465	1
NA	1	1	M00015466	1
NA	1	1	M00015467	0
NA	1	1	M00015468	1
NA	1	1	M00015469	0
NA	1	1	M00015470	1
NA	1	1	M00015471	0
NA	1	1	M00015472	1
NA	1	1	M00015473	0
NA	1	1	M00015474	0
NA	1	1	M00015475	0
NA	1	1	M00015476	0
NA	1	1	M00015477	0
NA	1	1	M00015478	0
NA	1	1	M00015479	0
NA	1	1	M00015480	0
NA	1	1	M00015481	0
NA	1	1	M00015482	0
NA	1	1	M00015483	0
NA	1	1	M00015484	0
NA	1	1	M00015485	1
NA	1	1	M00015486	0
NA	1	1	M00015487	0
NA	1	1	M00015488	0
NA	1	1	M00015489	0
NA	1	1	M00015490	0
NA	1	1	M00015491	0
NA	1	1	M00015492	0
NA	1	1	M00015493	0
NA	1	1	M00015494	0
NA	1	1	M00015495	1
NA	1	1	M00015496	0
NA	1	1	M00015497	0
NA	1	1	M00015498	1
NA	1	1	M00015499	1
NA	1	1	M00015500	-1
NA	1	1	M00015501	0
NA	1	1	M00015502	0
NA	1	1	M00015503	1
NA	1	1	M00015504	1
NA	1	1	M00015505	1
NA	1	1	M00015506	1
NA	1	1	M00015507	1
NA	1	1	M00015508	0
NA	1	1	M00015509	1
NA	1	1	M00015510	0
NA	1	1	M00015511	-1
NA	1	1	M00015512	0
NA	1	1	M00015513	0
NA	1	1	M00015514	1
NA	1	1	M00015515	0
NA	1	1	M00015516	-1
NA	1	1	M00015517	1
NA	1	1	M00015518	1
NA	1	1	M00015519	0
NA	1	1	M00015520	0
NA	1	1	M00015521	1
NA	1	1	M00015522	1
NA	1	1	M00015523	0
NA	1	1	M00015524	1
NA	1	1	M00015525	0
NA	1	1	M00015526	1
NA	1	1	M00015527	-1
NA	1	1	M00015528	0
NA	1	1	M00015529	0
NA	1	1	M00015530	0
NA	1	1	M00015531	0
NA	1	1	M00015532	0
NA	1	1	M00015533	0
NA	1	1	M00015534	0
NA	1	1	M00015535	0
NA	1	1	M00015536	0
NA	1	1	M00015537	0
NA	1	1	M00015538	0
NA	1	1	M00015539	0
NA	1	1	M00015540	0
NA	1	1	M00015541	1
NA	1	1	M00015542	0
NA	1	1	M00015543	0
NA	1	1	M00015544	0
NA	1	1	M00015545	0
NA	1	1	M00015546	0
NA	1	1	M00015547	0
NA	1	1	M00015548	1
NA	1	1	M00015549	0
NA	1	1	M00015550	0
NA	1	1	M00015551	-1
NA	1	1	M00015552	0
NA	1	1	M00015553	0
NA	1	1	M00015554	0
NA	1	1	M00015555	0
NA	1	1	M00015556	0
NA	1	1	M00015557	1
NA	1	1	M00015558	-1
NA	1	1	M00015559	-1
NA	1	1	M00015560	0
NA	1	1	M00015561	0
NA	1	1	M00015562	0
NA	1	1	M00015563	0
NA	1	1	M00015564	0
NA	1	1	M00015565	1
NA	1	1	M00015566	0
NA	1	1	M00015567	0
NA	1	1	M00015568	1
NA	1	1	M00015569	0
NA	1	1	M00015570	0
NA	1	1	M00015571	0
NA	1	1	M00015572	0
NA	1	1	M00015573	0
NA	1	1	M00015574	1
NA	1	1	M00015575	0
NA	1	1	M00015576	0
NA	1	1	M00015577	0
NA	1	1	M00015578	0
NA	1	1	M00015579	0
NA	1	1	M00015580	0
NA	1	1	M00015581	0
NA	1	1	M00015582	0
NA	1	1	M00015583	0
NA	1	1	M00015584	0
NA	1	1	M00015585	1
NA	1	1	M00015586	1
NA	1	1	M00015587	1
NA	1	1	M00015588	0
NA	1	1	M00015589	0
NA	1	1	M00015590	0
NA	1	1	M00015591	0
NA	1	1	M00015592	0
NA	1	1	M00015593	0
NA	1	1	M00015594	0
NA	1	1	M00015595	-1
NA	1	1	M00015596	0
NA	1	1	M00015597	1
NA	1	1	M00015598	0
NA	1	1	M00015599	0
NA	1	1	M00015600	0
NA	1	1	M00015601	0
NA	1	1	M00015602	0
NA	1	1	M00015603	0
NA	1	1	M00015604	0
NA	1	1	M00015605	0
NA	1	1	M00015606	0
NA	1	1	M00015607	1
NA	1	1	M00015608	0
NA	1	1	M00015609	0
NA	1	1	M00015610	0
NA	1	1	M00015611	0
NA	1	1	M00015612	0
NA	1	1	M00015613	0
NA	1	1	M00015614	0
NA	1	1	M00015615	0
NA	1	1	M00015616	0
NA	1	1	M00015617	0
NA	1	1	M00015618	0
NA	1	1	M00015619	0
NA	1	1	M00015620	0
NA	1	1	M00015621	0
NA	1	1	M00015622	0
NA	1	1	M00015623	0
NA	1	1	M00015624	0
NA	1	1	M00015625	0
NA	1	1	M00015626	1
NA	1	1	M00015627	0
NA	1	1	M00015628	1
NA	1	1	M00015629	0
NA	1	1	M00015630	0
NA	1	1	M00015632	0
NA	1	1	M00015633	0
NA	1	1	M00015634	0
NA	1	1	M00015635	0
NA	1	1	M00015636	0
NA	1	1	M00015637	0
NA	1	1	M00015638	1
NA	1	1	M00015639	0
NA	1	1	M00015640	0
NA	1	1	M00015641	0
NA	1	1	M00015642	0
NA	1	1	M00015643	0
NA	1	1	M00015644	0
NA	1	1	M00015645	0
NA	1	1	M00015646	0
NA	1	1	M00015647	0
NA	1	1	M00015648	0
NA	1	1	M00015649	0
NA	1	1	M00015650	0
NA	1	1	M00015651	0
NA	1	1	M00015652	-1
NA	1	1	M00015653	0
NA	1	1	M00015654	-1
NA	1	1	M00015655	1
NA	1	1	M00015656	0
NA	1	1	M00015657	-1
NA	1	1	M00015658	1
NA	1	1	M00015659	-1
NA	1	1	M00015660	0
NA	1	1	M00015661	1
NA	1	1	M00015662	1
NA	1	1	M00015663	1
NA	1	1	M00015664	1
NA	1	1	M00015665	1
NA	1	1	M00015666	1
NA	1	1	M00015667	1
NA	1	1	M00015668	1
NA	1	1	M00015669	1
NA	1	1	M00015670	1
NA	1	1	M00015671	1
NA	1	1	M00015672	0
NA	1	1	M00015673	1
NA	1	1	M00015674	1
NA	1	1	M00015675	1
NA	1	1	M00015676	1
NA	1	1	M00015677	1
NA	1	1	M00015678	1
NA	1	1	M00015679	1
NA	1	1	M00015680	1
NA	1	1	M00015681	1
NA	1	1	M00015682	1
NA	1	1	M00015683	1
NA	1	1	M00015684	1
NA	1	1	M00015685	1
NA	1	1	M00015686	1
NA	1	1	M00015687	1
NA	1	1	M00015688	1
NA	1	1	M00015689	1
NA	1	1	M00015690	1
NA	1	1	M00015691	1
NA	1	1	M00015692	1
NA	1	1	M00015693	1
NA	1	1	M00015694	0
NA	1	1	M00015695	0
NA	1	1	M00015696	1
NA	1	1	M00015697	1
NA	1	1	M00015698	0
NA	1	1	M00015699	1
NA	1	1	M00019612	0
NA	1	1	M00019613	1
NA	1	1	M00019614	0
NA	1	1	M00019615	0
NA	1	1	M00019616	1
NA	1	1	M00019617	1
NA	1	1	M00019618	1
NA	1	1	M00019619	0
NA	1	1	M00019620	1
NA	1	1	M00019621	-1
NA	1	1	M00019622	0
NA	1	1	M00019623	-1
NA	1	1	M00019624	0
NA	1	1	M00019625	0
NA	1	1	M00019626	0
NA	1	1	M00019627	0
NA	1	1	M00019628	0
NA	1	1	M00019629	0
NA	1	1	M00019630	0
NA	1	1	M00019631	0
NA	1	1	M00019632	1
NA	1	1	M00019633	0
NA	1	1	M00019634	0
NA	1	1	M00019635	1
NA	1	1	M00019636	-1
NA	1	1	M00019637	1
NA	1	1	M00019638	0
NA	1	1	M00019639	0
NA	1	1	M00019640	-1
NA	1	1	M00019641	0
NA	1	1	M00019642	0
NA	1	1	M00019643	0
NA	1	1	M00019644	0
NA	1	1	M00019645	0
NA	1	1	M00019646	1
NA	1	1	M00019647	-1
NA	1	1	M00019648	-1
NA	1	1	M00019649	0
NA	1	1	M00019650	1
NA	1	1	M00019651	0
NA	1	1	M00019652	0
NA	1	1	M00019653	0
NA	1	1	M00019654	1
NA	1	1	M00019655	1
NA	1	1	M00019656	-1
NA	1	1	M00019657	-1
NA	1	1	M00019658	0
NA	1	1	M00019659	0
NA	1	1	M00019660	0
NA	1	1	M00019661	0
NA	1	1	M00019662	0
NA	1	1	M00019663	0
NA	1	1	M00019664	1
NA	1	1	M00019665	0
NA	1	1	M00019666	0
NA	1	1	M00019667	0
NA	1	1	M00019668	0
NA	1	1	M00019669	0
NA	1	1	M00019670	0
NA	1	1	M00019671	0
NA	1	1	M00019672	0
NA	1	1	M00019673	1
NA	1	1	M00019674	1
NA	1	1	M00019675	0
NA	1	1	M00019676	-1
NA	1	1	M00019677	1
NA	1	1	M00019678	0
NA	1	1	M00019679	0
NA	1	1	M00019680	0
NA	1	1	M00019681	0
NA	1	1	M00019682	-1
NA	1	1	M00019683	1
NA	1	1	M00019684	0
NA	1	1	M00019685	0
NA	1	1	M00019686	0
NA	1	1	M00019687	0
NA	1	1	M00019688	0
NA	1	1	M00019689	0
NA	1	1	M00019690	0
NA	1	1	M00019691	0
NA	1	1	M00019692	0
NA	1	1	M00019693	0
NA	1	1	M00019694	0
NA	1	1	M00019695	0
NA	1	1	M00019696	0
NA	1	1	M00019697	1
NA	1	1	M00019698	1
NA	1	1	M00019699	0
NA	1	1	M00019700	1
NA	1	1	M00019701	1
NA	1	1	M00019703	-1
NA	1	1	M00019704	0
NA	1	1	M00019705	0
NA	1	1	M00019706	0
NA	1	1	M00019707	0
NA	1	1	M00019708	1
NA	1	1	M00019709	1
NA	1	1	M00019710	0
NA	1	1	M00019711	0
NA	1	1	M00019712	0
NA	1	1	M00019713	0
NA	1	1	M00019714	0
NA	1	1	M00019715	0
NA	1	1	M00019716	0
NA	1	1	M00019717	0
NA	1	1	M00019718	0
NA	1	1	M00019719	0
NA	1	1	M00019720	1
NA	1	1	M00019721	0
NA	1	1	M00019722	0
NA	1	1	M00019723	1
NA	1	1	M00019724	1
NA	1	1	M00019725	0
NA	1	1	M00019726	1
NA	1	1	M00019727	0
NA	1	1	M00023720	0
NA	1	1	M00023721	1
NA	1	1	M00023722	1
NA	1	1	M00023723	0
NA	1	1	M00023724	0
NA	1	1	M00023725	0
NA	1	1	M00023726	0
NA	1	1	M00023727	-1
NA	1	1	M00023728	1
NA	1	1	M00023729	0
NA	1	1	M00023730	0
NA	1	1	M00023731	0
NA	1	1	M00023732	1
NA	1	1	M00023733	-1
NA	1	1	M00023734	0
NA	1	1	M00023735	0
NA	1	1	M00023736	0
NA	1	1	M00023737	0
NA	1	1	M00023738	1
NA	1	1	M00023739	0
NA	2	1	M00011055	0
NA	2	1	M00011056	0
NA	2	1	M00011057	1
NA	2	1	M00011058	0
NA	2	1	M00011059	0
NA	2	1	M00011060	0
NA	2	1	M00011061	0
NA	2	1	M00011062	-1
NA	2	1	M00011063	0
NA	2	1	M00011064	0
NA	2	1	M00011065	0
NA	2	1	M00011066	0
NA	2	1	M00011067	0
NA	2	1	M00011068	0
NA	2	1	M00011069	0
NA	2	1	M00011070	-1
NA	2	1	M00011071	0
NA	2	1	M00011072	-1
NA	2	1	M00011073	-1
NA	2	1	M00011074	-1
NA	2	1	M00011075	0
NA	2	1	M00011076	0
NA	2	1	M00011077	0
NA	2	1	M00011079	-1
NA	2	1	M00011080	0
NA	2	1	M00011081	0
NA	2	1	M00011082	-1
NA	2	1	M00011083	0
NA	2	1	M00011085	-1
NA	2	1	M00011086	0
NA	2	1	M00011087	0
NA	2	1	M00011088	0
NA	2	1	M00011089	0
NA	2	1	M00011090	-1
NA	2	1	M00011091	-1
NA	2	1	M00011092	0
NA	2	1	M00011093	-1
NA	2	1	M00011094	0
NA	2	1	M00011095	-1
NA	2	1	M00011096	0
NA	2	1	M00011097	0
NA	2	1	M00011098	-1
NA	2	1	M00011099	0
NA	2	1	M00011100	0
NA	2	1	M00011101	0
NA	2	1	M00011102	-1
NA	2	1	M00011103	-1
NA	2	1	M00011104	0
NA	2	1	M00011105	0
NA	2	1	M00011107	0
NA	2	1	M00011108	0
NA	2	1	M00011109	-1
NA	2	1	M00011110	0
NA	2	1	M00011111	0
NA	2	1	M00011112	-1
NA	2	1	M00011113	-1
NA	2	1	M00011114	-1
NA	2	1	M00011116	0
NA	2	1	M00011117	1
NA	2	1	M00011118	0
NA	2	1	M00011119	0
NA	2	1	M00011120	0
NA	2	1	M00011121	-1
NA	2	1	M00011122	0
NA	2	1	M00011123	0
NA	2	1	M00011124	0
NA	2	1	M00011125	0
NA	2	1	M00011126	1
NA	2	1	M00011127	0
NA	2	1	M00011128	0
NA	2	1	M00011129	0
NA	2	1	M00011131	0
NA	2	1	M00011132	0
NA	2	1	M00011133	0
NA	2	1	M00011134	0
NA	2	1	M00011135	0
NA	2	1	M00011136	0
NA	2	1	M00011137	0
NA	2	1	M00011138	0
NA	2	1	M00011139	0
NA	2	1	M00011140	0
NA	2	1	M00011141	0
NA	2	1	M00011142	0
NA	2	1	M00011143	1
NA	2	1	M00011144	0
NA	2	1	M00011145	1
NA	2	1	M00011146	1
NA	2	1	M00011147	0
NA	2	1	M00011148	-1
NA	2	1	M00011149	0
NA	2	1	M00011150	-1
NA	2	1	M00011151	0
NA	2	1	M00011152	0
NA	2	1	M00011153	0
NA	2	1	M00011154	0
NA	2	1	M00011155	0
NA	2	1	M00011156	0
NA	2	1	M00011159	-1
NA	2	1	M00011161	0
NA	2	1	M00011162	0
NA	2	1	M00011164	0
NA	2	1	M00011165	0
NA	2	1	M00011166	0
NA	2	1	M00011167	-1
NA	2	1	M00011168	0
NA	2	1	M00011169	-1
NA	2	1	M00011170	0
NA	2	1	M00011171	0
NA	2	1	M00011172	-1
NA	2	1	M00011173	0
NA	2	1	M00011174	0
NA	2	1	M00011175	0
NA	2	1	M00011176	-1
NA	2	1	M00011177	0
NA	2	1	M00011178	0
NA	2	1	M00011179	0
NA	2	1	M00011180	0
NA	2	1	M00011181	0
NA	2	1	M00011182	0
NA	2	1	M00011183	0
NA	2	1	M00011184	0
NA	2	1	M00011185	-1
NA	2	1	M00011186	0
NA	2	1	M00011187	0
NA	2	1	M00011188	0
NA	2	1	M00011189	0
NA	2	1	M00011191	0
NA	2	1	M00011192	0
NA	2	1	M00011193	-1
NA	2	1	M00011194	-1
NA	2	1	M00011195	0
NA	2	1	M00011196	0
NA	2	1	M00011197	0
NA	2	1	M00011198	0
NA	2	1	M00011199	0
NA	2	1	M00011291	-1
NA	2	1	M00011293	-1
NA	2	1	M00011294	0
NA	2	1	M00011295	0
NA	2	1	M00011296	0
NA	2	1	M00011297	0
NA	2	1	M00011298	0
NA	2	1	M00011299	0
NA	2	1	M00011300	0
NA	2	1	M00011301	1
NA	2	1	M00011302	0
NA	2	1	M00011303	0
NA	2	1	M00011304	0
NA	2	1	M00011305	0
NA	2	1	M00011306	0
NA	2	1	M00011307	0
NA	2	1	M00011308	-1
NA	2	1	M00011309	0
NA	2	1	M00011310	0
NA	2	1	M00011311	0
NA	2	1	M00011312	0
NA	2	1	M00011313	0
NA	2	1	M00011314	0
NA	2	1	M00011315	0
NA	2	1	M00011316	0
NA	2	1	M00011317	0
NA	2	1	M00011318	-1
NA	2	1	M00011319	1
NA	2	1	M00011320	0
NA	2	1	M00011321	0
NA	2	1	M00011322	0
NA	2	1	M00011323	0
NA	2	1	M00011324	0
NA	2	1	M00011325	0
NA	2	1	M00011326	0
NA	2	1	M00011327	0
NA	2	1	M00011328	-1
NA	2	1	M00011329	0
NA	2	1	M00011330	-1
NA	2	1	M00011331	0
NA	2	1	M00011332	0
NA	2	1	M00011333	-1
NA	2	1	M00011334	1
NA	2	1	M00011335	0
NA	2	1	M00011336	0
NA	2	1	M00011337	-1
NA	2	1	M00011338	-1
NA	2	1	M00011339	0
NA	2	1	M00011340	0
NA	2	1	M00011341	-1
NA	2	1	M00011342	0
NA	2	1	M00011343	0
NA	2	1	M00011344	0
NA	2	1	M00011345	0
NA	2	1	M00011346	0
NA	2	1	M00011347	-1
NA	2	1	M00011348	0
NA	2	1	M00011349	-1
NA	2	1	M00011350	-1
NA	2	1	M00011351	0
NA	2	1	M00011352	-1
NA	2	1	M00011353	0
NA	2	1	M00011354	-1
NA	2	1	M00011355	1
NA	2	1	M00011356	0
NA	2	1	M00011357	-1
NA	2	1	M00011358	0
NA	2	1	M00011359	0
NA	2	1	M00011360	0
NA	2	1	M00011362	0
NA	2	1	M00011363	0
NA	2	1	M00011364	0
NA	2	1	M00011365	0
NA	2	1	M00011366	0
NA	2	1	M00011367	0
NA	2	1	M00011368	0
NA	2	1	M00011369	0
NA	2	1	M00011370	0
NA	2	1	M00011371	-1
NA	2	1	M00011372	-1
NA	2	1	M00011373	0
NA	2	1	M00011374	-1
NA	2	1	M00011375	-1
NA	2	1	M00011376	0
NA	2	1	M00011377	-1
NA	2	1	M00011378	0
NA	2	1	M00011379	0
NA	2	1	M00011380	0
NA	2	1	M00011381	0
NA	2	1	M00011382	0
NA	2	1	M00011383	1
NA	2	1	M00011384	-1
NA	2	1	M00011385	0
NA	2	1	M00011386	-1
NA	2	1	M00011387	0
NA	2	1	M00011388	-1
NA	2	1	M00011389	-1
NA	2	1	M00011390	0
NA	2	1	M00011391	0
NA	2	1	M00011392	0
NA	2	1	M00011393	0
NA	2	1	M00011394	0
NA	2	1	M00011395	0
NA	2	1	M00011396	-1
NA	2	1	M00011397	0
NA	2	1	M00011398	0
NA	2	1	M00011399	-1
NA	2	1	M00011400	0
NA	2	1	M00011401	0
NA	2	1	M00011402	0
NA	2	1	M00011403	0
NA	2	1	M00011404	0
NA	2	1	M00011405	0
NA	2	1	M00011406	0
NA	2	1	M00011407	0
NA	2	1	M00011408	0
NA	2	1	M00011409	0
NA	2	1	M00011410	0
NA	2	1	M00011411	0
NA	2	1	M00011412	0
NA	2	1	M00011413	0
NA	2	1	M00011414	0
NA	2	1	M00011415	0
NA	2	1	M00011416	0
NA	2	1	M00011417	0
NA	2	1	M00011418	0
NA	2	1	M00011419	-1
NA	2	1	M00011421	0
NA	2	1	M00011422	0
NA	2	1	M00011423	0
NA	2	1	M00011424	0
NA	2	1	M00011425	0
NA	2	1	M00011426	-1
NA	2	1	M00011427	-1
NA	2	1	M00011428	0
NA	2	1	M00011429	-1
NA	2	1	M00011430	0
NA	2	1	M00011431	0
NA	2	1	M00011432	-1
NA	2	1	M00011433	0
NA	2	1	M00011434	0
NA	2	1	M00011435	0
NA	2	1	M00011436	0
NA	2	1	M00011437	0
NA	2	1	M00011438	0
NA	2	1	M00011439	-1
NA	2	1	M00011440	1
NA	2	1	M00011441	-1
NA	2	1	M00011442	0
NA	2	1	M00011443	0
NA	2	1	M00011444	0
NA	2	1	M00011445	0
NA	2	1	M00011446	-1
NA	2	1	M00011447	-1
NA	2	1	M00011448	0
NA	2	1	M00011449	0
NA	2	1	M00011450	0
NA	2	1	M00011451	-1
NA	2	1	M00011453	-1
NA	2	1	M00011454	0
NA	2	1	M00011455	0
NA	2	1	M00011456	-1
NA	2	1	M00011457	0
NA	2	1	M00011458	0
NA	2	1	M00011459	0
NA	2	1	M00011460	-1
NA	2	1	M00011461	-1
NA	2	1	M00011462	0
NA	2	1	M00011463	0
NA	2	1	M00011465	-1
NA	2	1	M00011466	1
NA	2	1	M00011467	0
NA	2	1	M00011468	0
NA	2	1	M00011469	0
NA	2	1	M00011470	-1
NA	2	1	M00011471	0
NA	2	1	M00011472	0
NA	2	1	M00011473	0
NA	2	1	M00011474	-1
NA	2	1	M00011475	0
NA	2	1	M00011476	0
NA	2	1	M00011477	0
NA	2	1	M00011478	-1
NA	2	1	M00011479	-1
NA	2	1	M00011480	0
NA	2	1	M00011481	-1
NA	2	1	M00011482	0
NA	2	1	M00011483	0
NA	2	1	M00011484	0
NA	2	1	M00011485	-1
NA	2	1	M00011486	0
NA	2	1	M00011487	-1
NA	2	1	M00011488	0
NA	2	1	M00011489	0
NA	2	1	M00011490	0
NA	2	1	M00011491	-1
NA	2	1	M00011492	0
NA	2	1	M00011493	0
NA	2	1	M00011494	-1
NA	2	1	M00011495	-1
NA	2	1	M00011496	0
NA	2	1	M00011497	0
NA	2	1	M00011498	0
NA	2	1	M00011499	0
NA	2	1	M00011500	-1
NA	2	1	M00011501	0
NA	2	1	M00011502	0
NA	2	1	M00011503	-1
NA	2	1	M00011504	0
NA	2	1	M00011505	1
NA	2	1	M00011506	0
NA	2	1	M00011507	0
NA	2	1	M00011508	-1
NA	2	1	M00011509	0
NA	2	1	M00011510	0
NA	2	1	M00011511	0
NA	2	1	M00011512	0
NA	2	1	M00011513	0
NA	2	1	M00011514	0
NA	2	1	M00011515	-1
NA	2	1	M00011516	0
NA	2	1	M00011517	-1
NA	2	1	M00011518	-1
NA	2	1	M00011519	0
NA	2	1	M00011520	-1
NA	2	1	M00011521	0
NA	2	1	M00011522	0
NA	2	1	M00011523	-1
NA	2	1	M00011524	-1
NA	2	1	M00011525	0
NA	2	1	M00011526	0
NA	2	1	M00011527	0
NA	2	1	M00011528	0
NA	2	1	M00011529	-1
NA	2	1	M00011530	-1
NA	2	1	M00011531	0
NA	2	1	M00011532	-1
NA	2	1	M00011533	0
NA	2	1	M00011534	0
NA	2	1	M00011535	0
NA	2	1	M00011536	0
NA	2	1	M00011537	-1
NA	2	1	M00011538	0
NA	2	1	M00011539	0
NA	2	1	M00011540	0
NA	2	1	M00011541	0
NA	2	1	M00011542	0
NA	2	1	M00011543	0
NA	2	1	M00011544	-1
NA	2	1	M00011545	0
NA	2	1	M00011546	-1
NA	2	1	M00011547	0
NA	2	1	M00011548	-1
NA	2	1	M00011549	0
NA	2	1	M00011550	0
NA	2	1	M00011551	0
NA	2	1	M00011552	0
NA	2	1	M00011553	0
NA	2	1	M00011554	-1
NA	2	1	M00011555	0
NA	2	1	M00011556	0
NA	2	1	M00011557	0
NA	2	1	M00011558	0
NA	2	1	M00011559	0
NA	2	1	M00011561	-1
NA	2	1	M00011562	-1
NA	2	1	M00011563	0
NA	2	1	M00011564	0
NA	2	1	M00011565	0
NA	2	1	M00011566	0
NA	2	1	M00011567	0
NA	2	1	M00011568	0
NA	2	1	M00011569	0
NA	2	1	M00011570	0
NA	2	1	M00011571	0
NA	2	1	M00011572	-1
NA	2	1	M00011573	-1
NA	2	1	M00011574	0
NA	2	1	M00011575	0
NA	2	1	M00011576	0
NA	2	1	M00011577	0
NA	2	1	M00011578	0
NA	2	1	M00011579	1
NA	2	1	M00011580	0
NA	2	1	M00011581	1
NA	2	1	M00011582	0
NA	2	1	M00011583	0
NA	2	1	M00011584	-1
NA	2	1	M00011585	0
NA	2	1	M00011586	-1
NA	2	1	M00011587	0
NA	2	1	M00011588	0
NA	2	1	M00011589	0
NA	2	1	M00011590	-1
NA	2	1	M00011591	0
NA	2	1	M00011592	0
NA	2	1	M00011593	0
NA	2	1	M00011594	-1
NA	2	1	M00011595	-1
NA	2	1	M00011596	-1
NA	2	1	M00011597	0
NA	2	1	M00011598	0
NA	2	1	M00011599	0
NA	2	1	M00011600	-1
NA	2	1	M00011601	0
NA	2	1	M00011602	0
NA	2	1	M00011603	-1
NA	2	1	M00011604	0
NA	2	1	M00011605	1
NA	2	1	M00011606	0
NA	2	1	M00011607	0
NA	2	1	M00011608	-1
NA	2	1	M00011609	0
NA	2	1	M00011610	0
NA	2	1	M00011611	0
NA	2	1	M00011612	-1
NA	2	1	M00011613	-1
NA	2	1	M00011614	1
NA	2	1	M00011615	0
NA	2	1	M00011616	0
NA	2	1	M00011617	0
NA	2	1	M00011618	0
NA	2	1	M00011619	0
NA	2	1	M00011620	0
NA	2	1	M00011621	-1
NA	2	1	M00011622	0
NA	2	1	M00011623	-1
NA	2	1	M00011624	-1
NA	2	1	M00011625	0
NA	2	1	M00011626	0
NA	2	1	M00011627	0
NA	2	1	M00011628	-1
NA	2	1	M00011629	-1
NA	2	1	M00011630	-1
NA	2	1	M00011631	0
NA	2	1	M00011632	-1
NA	2	1	M00011633	0
NA	2	1	M00011634	0
NA	2	1	M00011635	0
NA	2	1	M00011636	0
NA	2	1	M00011637	0
NA	2	1	M00011638	0
NA	2	1	M00011639	0
NA	2	1	M00011640	-1
NA	2	1	M00011641	0
NA	2	1	M00011643	0
NA	2	1	M00011644	-1
NA	2	1	M00011645	0
NA	2	1	M00011646	0
NA	2	1	M00011647	0
NA	2	1	M00011648	0
NA	2	1	M00011649	-1
NA	2	1	M00011650	0
NA	2	1	M00011651	1
NA	2	1	M00011652	-1
NA	2	1	M00011653	0
NA	2	1	M00011654	0
NA	2	1	M00011655	0
NA	2	1	M00011656	0
NA	2	1	M00011657	0
NA	2	1	M00011658	0
NA	2	1	M00011659	0
NA	2	1	M00011660	1
NA	2	1	M00011662	0
NA	2	1	M00011663	-1
NA	2	1	M00011664	-1
NA	2	1	M00011665	-1
NA	2	1	M00011666	0
NA	2	1	M00011667	1
NA	2	1	M00011668	0
NA	2	1	M00011669	1
NA	2	1	M00011670	0
NA	2	1	M00011671	0
NA	2	1	M00011672	0
NA	2	1	M00011673	0
NA	2	1	M00011674	0
NA	2	1	M00011675	-1
NA	2	1	M00011676	-1
NA	2	1	M00011677	0
NA	2	1	M00011678	-1
NA	2	1	M00011679	0
NA	2	1	M00011680	0
NA	2	1	M00011681	0
NA	2	1	M00011682	0
NA	2	1	M00011683	1
NA	2	1	M00011684	0
NA	2	1	M00011685	0
NA	2	1	M00011686	0
NA	2	1	M00011687	-1
NA	2	1	M00011688	0
NA	2	1	M00011689	1
NA	2	1	M00011690	0
NA	2	1	M00011691	0
NA	2	1	M00011692	0
NA	2	1	M00011693	0
NA	2	1	M00011694	0
NA	2	1	M00011696	0
NA	2	1	M00011697	0
NA	2	1	M00011698	-1
NA	2	1	M00011699	-1
NA	2	1	M00012228	0
NA	2	1	M00012229	0
NA	2	1	M00012230	0
NA	2	1	M00012231	0
NA	2	1	M00012232	0
NA	2	1	M00012233	0
NA	2	1	M00012234	0
NA	2	1	M00012235	0
NA	2	1	M00012236	0
NA	2	1	M00012237	0
NA	2	1	M00012238	0
NA	2	1	M00012239	0
NA	2	1	M00012240	0
NA	2	1	M00012241	0
NA	2	1	M00012242	0
NA	2	1	M00012243	0
NA	2	1	M00012244	0
NA	2	1	M00012245	0
NA	2	1	M00012246	0
NA	2	1	M00012247	0
NA	2	1	M00014580	0
NA	2	1	M00014581	0
NA	2	1	M00014582	0
NA	2	1	M00014583	0
NA	2	1	M00014584	0
NA	2	1	M00014585	0
NA	2	1	M00014586	0
NA	2	1	M00014587	0
NA	2	1	M00014588	0
NA	2	1	M00014589	0
NA	2	1	M00014590	0
NA	2	1	M00014591	0
NA	2	1	M00014592	0
NA	2	1	M00014593	0
NA	2	1	M00014594	0
NA	2	1	M00014595	0
NA	2	1	M00014596	0
NA	2	1	M00014597	0
NA	2	1	M00014598	0
NA	2	1	M00014599	0
NA	2	1	M00014600	0
NA	2	1	M00014601	0
NA	2	1	M00014602	0
NA	2	1	M00014603	0
NA	2	1	M00014604	0
NA	2	1	M00014605	0
NA	2	1	M00014606	0
NA	2	1	M00014607	0
NA	2	1	M00014608	0
NA	2	1	M00014609	0
NA	2	1	M00014610	0
NA	2	1	M00014611	0
NA	2	1	M00014612	0
NA	2	1	M00014613	0
NA	2	1	M00014614	0
NA	2	1	M00014615	0
NA	2	1	M00014616	0
NA	2	1	M00014617	0
NA	2	1	M00014618	0
NA	2	1	M00014619	0
NA	2	1	M00014620	0
NA	2	1	M00014621	0
NA	2	1	M00014622	0
NA	2	1	M00014623	0
NA	2	1	M00014624	0
NA	2	1	M00014625	0
NA	2	1	M00014626	0
NA	2	1	M00014627	0
NA	2	1	M00014628	0
NA	2	1	M00014629	0
NA	2	1	M00014630	0
NA	2	1	M00014631	0
NA	2	1	M00014632	0
NA	2	1	M00014633	0
NA	2	1	M00014634	0
NA	2	1	M00014635	0
NA	2	1	M00014636	0
NA	2	1	M00014637	0
NA	2	1	M00014638	0
NA	2	1	M00014639	0
NA	2	1	M00014640	0
NA	2	1	M00014641	0
NA	2	1	M00014642	0
NA	2	1	M00014643	0
NA	2	1	M00014644	-1
NA	2	1	M00014645	0
NA	2	1	M00014646	0
NA	2	1	M00014647	0
NA	2	1	M00014648	0
NA	2	1	M00014649	0
NA	2	1	M00014650	0
NA	2	1	M00014651	0
NA	2	1	M00014652	-1
NA	2	1	M00014653	0
NA	2	1	M00014654	0
NA	2	1	M00014655	0
NA	2	1	M00014656	0
NA	2	1	M00014657	0
NA	2	1	M00014658	0
NA	2	1	M00014659	0
NA	2	1	M00014660	0
NA	2	1	M00014661	0
NA	2	1	M00014662	0
NA	2	1	M00014663	0
NA	2	1	M00014664	0
NA	2	1	M00014665	0
NA	2	1	M00014666	0
NA	2	1	M00014667	0
NA	2	1	M00014668	0
NA	2	1	M00014669	0
NA	2	1	M00014670	0
NA	2	1	M00014671	0
NA	2	1	M00014672	0
NA	2	1	M00014673	0
NA	2	1	M00014674	0
NA	2	1	M00014675	0
NA	2	1	M00014676	0
NA	2	1	M00014677	0
NA	2	1	M00014678	0
NA	2	1	M00014679	0
NA	2	1	M00014680	0
NA	2	1	M00014681	0
NA	2	1	M00014682	0
NA	2	1	M00014683	0
NA	2	1	M00014684	0
NA	2	1	M00014685	0
NA	2	1	M00014686	0
NA	2	1	M00014687	0
NA	2	1	M00014688	0
NA	2	1	M00014689	0
NA	2	1	M00014690	0
NA	2	1	M00014691	0
NA	2	1	M00014692	0
NA	2	1	M00014693	0
NA	2	1	M00014694	0
NA	2	1	M00014695	0
NA	2	1	M00014696	0
NA	2	1	M00014697	0
NA	2	1	M00014698	0
NA	2	1	M00014699	0
NA	2	1	M00014700	0
NA	2	1	M00014701	0
NA	2	1	M00014702	0
NA	2	1	M00014703	0
NA	2	1	M00014704	0
NA	2	1	M00014705	0
NA	2	1	M00014706	0
NA	2	1	M00014707	0
NA	2	1	M00014708	0
NA	2	1	M00014709	0
NA	2	1	M00014710	0
NA	2	1	M00014711	0
NA	2	1	M00014712	0
NA	2	1	M00014713	0
NA	2	1	M00014714	0
NA	2	1	M00014715	0
NA	2	1	M00014716	0
NA	2	1	M00014717	0
NA	2	1	M00014718	0
NA	2	1	M00014719	0
NA	2	1	M00014720	0
NA	2	1	M00014721	0
NA	2	1	M00014722	0
NA	2	1	M00014723	0
NA	2	1	M00014724	0
NA	2	1	M00014725	0
NA	2	1	M00014726	0
NA	2	1	M00014727	0
NA	2	1	M00014728	0
NA	2	1	M00014729	0
NA	2	1	M00014730	-1
NA	2	1	M00014731	0
NA	2	1	M00014732	0
NA	2	1	M00014733	-1
NA	2	1	M00014734	0
NA	2	1	M00014735	0
NA	2	1	M00014736	0
NA	2	1	M00014737	0
NA	2	1	M00014738	0
NA	2	1	M00014739	0
NA	2	1	M00014740	0
NA	2	1	M00014741	0
NA	2	1	M00014742	0
NA	2	1	M00014743	0
NA	2	1	M00014744	0
NA	2	1	M00014745	0
NA	2	1	M00014746	0
NA	2	1	M00014747	0
NA	2	1	M00014748	0
NA	2	1	M00014749	0
NA	2	1	M00014750	0
NA	2	1	M00014753	0
NA	2	1	M00014754	0
NA	2	1	M00014755	-1
NA	2	1	M00014756	0
NA	2	1	M00014757	0
NA	2	1	M00014758	0
NA	2	1	M00014759	0
NA	2	1	M00014760	0
NA	2	1	M00014761	0
NA	2	1	M00014762	0
NA	2	1	M00014763	0
NA	2	1	M00014764	0
NA	2	1	M00014765	0
NA	2	1	M00014766	0
NA	2	1	M00014767	0
NA	2	1	M00014768	0
NA	2	1	M00014769	0
NA	2	1	M00014770	0
NA	2	1	M00014771	0
NA	2	1	M00014772	0
NA	2	1	M00014773	0
NA	2	1	M00014774	0
NA	2	1	M00014775	0
NA	2	1	M00014776	0
NA	2	1	M00014777	0
NA	2	1	M00014778	0
NA	2	1	M00014779	0
NA	2	1	M00018599	0
NA	2	1	M00018600	0
NA	2	1	M00018601	1
NA	2	1	M00018602	0
NA	2	1	M00018604	0
NA	2	1	M00018605	0
NA	2	1	M00018606	0
NA	2	1	M00018607	0
NA	2	1	M00018608	0
NA	2	1	M00018609	0
NA	2	1	M00018610	0
NA	2	1	M00018611	0
NA	2	1	M00018612	0
NA	2	1	M00018613	0
NA	2	1	M00018614	-1
NA	2	1	M00018615	0
NA	2	1	M00018616	0
NA	2	1	M00018617	0
NA	2	1	M00018618	0
NA	2	1	M00018619	0
NA	2	1	M00018620	0
NA	2	1	M00018621	0
NA	2	1	M00018622	0
NA	2	1	M00018623	0
NA	2	1	M00018624	0
NA	2	1	M00018625	0
NA	2	1	M00018626	-1
NA	2	1	M00018627	0
NA	2	1	M00018628	0
NA	2	1	M00018629	1
NA	2	1	M00018630	0
NA	2	1	M00018631	0
NA	2	1	M00018632	0
NA	2	1	M00018633	0
NA	2	1	M00018634	0
NA	2	1	M00018635	0
NA	2	1	M00018636	0
NA	2	1	M00018637	0
NA	2	1	M00018638	0
NA	2	1	M00018639	0
NA	2	1	M00018640	0
NA	2	1	M00018641	0
NA	2	1	M00018642	0
NA	2	1	M00018643	0
NA	2	1	M00018644	0
NA	2	1	M00018645	0
NA	2	1	M00018646	0
NA	2	1	M00018647	0
NA	2	1	M00018648	0
NA	2	1	M00018649	0
NA	2	1	M00018650	0
NA	2	1	M00018651	-1
NA	2	1	M00018652	0
NA	2	1	M00018653	0
NA	2	1	M00018654	0
NA	2	1	M00018655	-1
NA	2	1	M00018656	0
NA	2	1	M00018657	1
NA	2	1	M00018658	1
NA	2	1	M00018659	0
NA	2	1	M00018660	0
NA	2	1	M00018661	0
NA	2	1	M00018662	-1
NA	2	1	M00018663	-1
NA	2	1	M00018664	0
NA	2	1	M00018665	0
NA	2	1	M00018666	0
NA	2	1	M00018667	-1
NA	2	1	M00018669	0
NA	2	1	M00018670	0
NA	2	1	M00018671	-1
NA	2	1	M00018672	0
NA	2	1	M00018673	0
NA	2	1	M00018674	-1
NA	2	1	M00018676	0
NA	2	1	M00018677	0
NA	2	1	M00018678	0
NA	2	1	M00018679	0
NA	2	1	M00018680	-1
NA	2	1	M00018681	0
NA	2	1	M00018682	-1
NA	2	1	M00018683	0
NA	2	1	M00018684	-1
NA	2	1	M00018685	0
NA	2	1	M00018686	0
NA	2	1	M00018687	-1
NA	2	1	M00018688	0
NA	2	1	M00018689	0
NA	2	1	M00018690	0
NA	2	1	M00018691	0
NA	2	1	M00018692	0
NA	2	1	M00018693	0
NA	2	1	M00018694	0
NA	2	1	M00018695	0
NA	2	1	M00018696	0
NA	2	1	M00018697	0
NA	2	1	M00018698	0
NA	2	1	M00018699	0
NA	2	1	M00018760	0
NA	2	1	M00018762	0
NA	2	1	M00018763	0
NA	2	1	M00018764	0
NA	2	1	M00018765	0
NA	2	1	M00018766	0
NA	2	1	M00018767	0
NA	2	1	M00018768	-1
NA	2	1	M00018769	-1
NA	2	1	M00018770	0
NA	2	1	M00018771	0
NA	2	1	M00018774	0
NA	2	1	M00018775	0
NA	2	1	M00018800	0
NA	2	1	M00018801	0
NA	2	1	M00018802	0
NA	2	1	M00018803	0
NA	2	1	M00018804	0
NA	2	1	M00018805	0
NA	2	1	M00018806	-1
NA	2	1	M00018808	0
NA	2	1	M00018809	0
NA	2	1	M00018810	-1
NA	2	1	M00018811	0
NA	2	1	M00018812	0
NA	2	1	M00018813	-1
NA	2	1	M00018814	0
NA	2	1	M00018815	0
NA	2	1	M00018816	0
NA	2	1	M00022006	0
NA	2	1	M00022007	0
NA	2	1	M00022008	0
NA	2	1	M00022009	0
NA	2	1	M00022010	0
NA	2	1	M00022011	0
NA	2	1	M00022012	0
NA	2	1	M00022013	0
NA	2	1	M00022014	0
NA	2	1	M00022015	0
NA	2	1	M00022016	0
NA	2	1	M00022017	0
NA	2	1	M00022018	0
NA	2	1	M00022019	0
NA	2	1	M00022020	0
NA	2	1	M00022021	0
NA	2	1	M00022022	-1
NA	2	1	M00022023	0
NA	2	1	M00022024	0
NA	2	1	M00022025	0
NA	2	1	M00022026	0
NA	2	1	M00022027	0
NA	2	1	M00022028	0
NA	2	1	M00022029	0
NA	2	1	M00022030	0
NA	2	1	M00022031	0
NA	2	1	M00022032	0
NA	2	1	M00022033	0
NA	2	1	M00022034	0
NA	2	1	M00022035	0
NA	2	1	M00022036	0
NA	2	1	M00022037	0
NA	2	1	M00022038	0
NA	2	1	M00022039	0
NA	2	1	M00022040	0
NA	2	1	M00022041	0
NA	2	1	M00022042	0
NA	2	1	M00022043	0
NA	2	1	M00022044	0
NA	2	1	M00022045	0
NA	2	1	M00022046	-1
NA	2	1	M00022047	0
NA	2	1	M00022048	0
NA	2	1	M00022049	0
NA	2	1	M00022050	0
NA	2	1	M00022051	0
NA	2	1	M00022052	0
NA	2	1	M00022053	0
NA	2	1	M00022054	0
NA	2	1	M00022055	0
NA	2	1	M00022056	-1
NA	2	1	M00022057	-1
NA	2	1	M00022058	0
NA	2	1	M00022059	0
NA	2	1	M00022060	0
NA	2	1	M00022061	0
NA	2	1	M00022062	1
NA	2	1	M00022063	0
NA	2	1	M00022064	0
NA	2	1	M00022065	0
NA	2	1	M00022066	0
NA	2	1	M00022067	0
NA	2	1	M00022068	0
NA	2	1	M00022069	0
NA	2	1	M00022070	0
NA	2	1	M00022071	0
NA	2	1	M00022072	0
NA	2	1	M00022073	0
NA	2	1	M00022074	-1
NA	2	1	M00022075	0
NA	2	1	M00022076	0
NA	2	1	M00022077	0
NA	2	1	M00022078	-1
NA	2	1	M00022079	0
NA	2	1	M00022080	-1
NA	2	1	M00022081	-1
NA	2	1	M00022082	0
NA	2	1	M00022083	0
NA	2	1	M00022084	0
NA	2	1	M00022085	0
NA	2	1	M00022086	0
NA	2	1	M00022087	0
NA	2	1	M00022088	-1
NA	2	1	M00022089	0
NA	2	1	M00022090	-1
NA	2	1	M00022091	-1
NA	2	1	M00022092	0
NA	2	1	M00022093	0
NA	2	1	M00022094	0
NA	2	1	M00022095	0
NA	2	1	M00022096	0
NA	2	1	M00022097	0
NA	2	1	M00022098	0
NA	3	1	M00001710	0
NA	3	1	M00001711	0
NA	3	1	M00001712	0
NA	3	1	M00001713	0
NA	3	1	M00001714	0
NA	3	1	M00001715	0
NA	3	1	M00001716	0
NA	3	1	M00001717	0
NA	3	1	M00001718	1
NA	3	1	M00001719	1
NA	3	1	M00001720	0
NA	3	1	M00001721	0
NA	3	1	M00001723	0
NA	3	1	M00001724	1
NA	3	1	M00001725	1
NA	3	1	M00001726	-1
NA	3	1	M00001727	0
NA	3	1	M00001728	0
NA	3	1	M00001729	0
NA	3	1	M00001730	0
NA	3	1	M00001731	0
NA	3	1	M00001732	1
NA	3	1	M00001733	0
NA	3	1	M00001734	1
NA	3	1	M00001735	0
NA	3	1	M00001736	0
NA	3	1	M00001737	0
NA	3	1	M00001739	0
NA	3	1	M00001740	0
NA	3	1	M00001741	0
NA	3	1	M00001742	0
NA	3	1	M00001743	0
NA	3	1	M00001744	0
NA	3	1	M00001745	0
NA	3	1	M00001746	0
NA	3	1	M00001747	0
NA	3	1	M00001749	0
NA	3	1	M00001750	0
NA	3	1	M00001751	-1
NA	3	1	M00001752	0
NA	3	1	M00001753	1
NA	3	1	M00001754	0
NA	3	1	M00001755	0
NA	3	1	M00001756	0
NA	3	1	M00001757	-1
NA	3	1	M00001758	1
NA	3	1	M00001759	0
NA	3	1	M00001761	-1
NA	3	1	M00001762	0
NA	3	1	M00001763	-1
NA	3	1	M00001764	1
NA	3	1	M00001765	0
NA	3	1	M00001766	0
NA	3	1	M00001767	0
NA	3	1	M00001768	-1
NA	3	1	M00001769	0
NA	3	1	M00001770	0
NA	3	1	M00001771	0
NA	3	1	M00001772	0
NA	3	1	M00001773	0
NA	3	1	M00001774	1
NA	3	1	M00001775	0
NA	3	1	M00001776	0
NA	3	1	M00001777	0
NA	3	1	M00001778	-1
NA	3	1	M00001779	-1
NA	3	1	M00001780	0
NA	3	1	M00001781	0
NA	3	1	M00001782	1
NA	3	1	M00001783	0
NA	3	1	M00001784	-1
NA	3	1	M00001786	0
NA	3	1	M00001787	1
NA	3	1	M00001788	0
NA	3	1	M00001789	0
NA	3	1	M00001790	0
NA	3	1	M00001791	0
NA	3	1	M00001792	0
NA	3	1	M00001793	1
NA	3	1	M00001795	0
NA	3	1	M00001796	0
NA	3	1	M00001797	0
NA	3	1	M00001798	0
NA	3	1	M00001799	0
NA	3	1	M00001800	0
NA	3	1	M00001802	0
NA	3	1	M00001803	1
NA	3	1	M00001804	0
NA	3	1	M00001805	0
NA	3	1	M00001806	0
NA	3	1	M00001807	0
NA	3	1	M00001808	-1
NA	3	1	M00001809	0
NA	3	1	M00001810	0
NA	3	1	M00001811	0
NA	3	1	M00001812	0
NA	3	1	M00001813	0
NA	3	1	M00001814	0
NA	3	1	M00001815	0
NA	3	1	M00001816	0
NA	3	1	M00001817	0
NA	3	1	M00001818	0
NA	3	1	M00001819	0
NA	3	1	M00001820	0
NA	3	1	M00001821	0
NA	3	1	M00001822	1
NA	3	1	M00001823	0
NA	3	1	M00001824	1
NA	3	1	M00001825	0
NA	3	1	M00001826	0
NA	3	1	M00001827	1
NA	3	1	M00001828	0
NA	3	1	M00001829	0
NA	3	1	M00001830	0
NA	3	1	M00001831	0
NA	3	1	M00001832	0
NA	3	1	M00001833	0
NA	3	1	M00001834	0
NA	3	1	M00001835	0
NA	3	1	M00001836	0
NA	3	1	M00001837	0
NA	3	1	M00001838	0
NA	3	1	M00001839	1
NA	3	1	M00001840	0
NA	3	1	M00001841	0
NA	3	1	M00001842	1
NA	3	1	M00001843	0
NA	3	1	M00001844	0
NA	3	1	M00001845	0
NA	3	1	M00001846	0
NA	3	1	M00001847	0
NA	3	1	M00001848	0
NA	3	1	M00001849	0
NA	3	1	M00001850	0
NA	3	1	M00001851	0
NA	3	1	M00001852	0
NA	3	1	M00001853	0
NA	3	1	M00001854	0
NA	3	1	M00001855	-1
NA	3	1	M00001856	0
NA	3	1	M00001857	0
NA	3	1	M00001858	0
NA	3	1	M00001859	0
NA	3	1	M00001860	0
NA	3	1	M00001861	0
NA	3	1	M00001862	0
NA	3	1	M00001863	0
NA	3	1	M00001864	0
NA	3	1	M00001865	0
NA	3	1	M00001866	0
NA	3	1	M00001867	0
NA	3	1	M00001868	0
NA	3	1	M00001869	0
NA	3	1	M00001870	0
NA	3	1	M00001871	0
NA	3	1	M00001872	0
NA	3	1	M00001873	0
NA	3	1	M00001874	0
NA	3	1	M00001875	0
NA	3	1	M00001876	0
NA	3	1	M00001877	-1
NA	3	1	M00001878	0
NA	3	1	M00001879	0
NA	3	1	M00001880	0
NA	3	1	M00001881	0
NA	3	1	M00001882	0
NA	3	1	M00001883	0
NA	3	1	M00001884	0
NA	3	1	M00001885	0
NA	3	1	M00001886	0
NA	3	1	M00001887	0
NA	3	1	M00001888	0
NA	3	1	M00001889	0
NA	3	1	M00001890	0
NA	3	1	M00001891	0
NA	3	1	M00001892	0
NA	3	1	M00001893	0
NA	3	1	M00001894	0
NA	3	1	M00001895	0
NA	3	1	M00001897	0
NA	3	1	M00001898	0
NA	3	1	M00001899	-1
NA	3	1	M00001900	0
NA	3	1	M00001901	0
NA	3	1	M00001902	0
NA	3	1	M00001903	0
NA	3	1	M00001904	0
NA	3	1	M00001905	0
NA	3	1	M00001906	0
NA	3	1	M00001907	1
NA	3	1	M00001908	0
NA	3	1	M00001909	0
NA	3	1	M00001910	0
NA	3	1	M00001911	0
NA	3	1	M00001912	0
NA	3	1	M00001913	0
NA	3	1	M00001914	0
NA	3	1	M00001915	0
NA	3	1	M00001916	0
NA	3	1	M00001917	0
NA	3	1	M00001918	0
NA	3	1	M00001919	0
NA	3	1	M00001920	0
NA	3	1	M00001921	0
NA	3	1	M00001922	1
NA	3	1	M00001923	0
NA	3	1	M00001924	0
NA	3	1	M00001925	0
NA	3	1	M00001926	0
NA	3	1	M00001927	0
NA	3	1	M00001928	0
NA	3	1	M00001929	0
NA	3	1	M00001930	0
NA	3	1	M00001931	0
NA	3	1	M00001932	0
NA	3	1	M00001933	0
NA	3	1	M00001934	0
NA	3	1	M00007200	0
NA	3	1	M00007201	1
NA	3	1	M00008741	0
NA	3	1	M00008742	0
NA	3	1	M00008743	0
NA	3	1	M00008744	1
NA	3	1	M00008745	0
NA	3	1	M00008746	0
NA	3	1	M00008747	0
NA	3	1	M00008748	0
NA	3	1	M00008749	0
NA	3	1	M00008750	0
NA	3	1	M00008751	-1
NA	3	1	M00008752	1
NA	3	1	M00008753	0
NA	3	1	M00008754	0
NA	3	1	M00008755	0
NA	3	1	M00008756	0
NA	3	1	M00008757	0
NA	3	1	M00008758	0
NA	3	1	M00008759	0
NA	3	1	M00008760	0
NA	3	1	M00008761	0
NA	3	1	M00008762	0
NA	3	1	M00008763	1
NA	3	1	M00008764	1
NA	3	1	M00008765	0
NA	3	1	M00008766	0
NA	3	1	M00008767	0
NA	3	1	M00008768	-1
NA	3	1	M00008769	0
NA	3	1	M00008770	-1
NA	3	1	M00008771	0
NA	3	1	M00008772	0
NA	3	1	M00008773	0
NA	3	1	M00008774	0
NA	3	1	M00008775	0
NA	3	1	M00008776	0
NA	3	1	M00008777	0
NA	3	1	M00008778	0
NA	3	1	M00008779	0
NA	3	1	M00008780	0
NA	3	1	M00008781	0
NA	3	1	M00008782	0
NA	3	1	M00008783	1
NA	3	1	M00008784	0
NA	3	1	M00008785	0
NA	3	1	M00008786	0
NA	3	1	M00008787	0
NA	3	1	M00008788	0
NA	3	1	M00008789	0
NA	3	1	M00008790	0
NA	3	1	M00008791	0
NA	3	1	M00008792	0
NA	3	1	M00008793	0
NA	3	1	M00008794	0
NA	3	1	M00008795	0
NA	3	1	M00008796	0
NA	3	1	M00008797	0
NA	3	1	M00008798	0
NA	3	1	M00008799	0
NA	3	1	M00008800	0
NA	3	1	M00008801	0
NA	3	1	M00008802	0
NA	3	1	M00008803	0
NA	3	1	M00008804	0
NA	3	1	M00008805	1
NA	3	1	M00008806	0
NA	3	1	M00008807	0
NA	3	1	M00008808	0
NA	3	1	M00008809	1
NA	3	1	M00008810	0
NA	3	1	M00008811	0
NA	3	1	M00008812	1
NA	3	1	M00008813	0
NA	3	1	M00008814	0
NA	3	1	M00008815	0
NA	3	1	M00008816	0
NA	3	1	M00008817	0
NA	3	1	M00008818	0
NA	3	1	M00008819	0
NA	3	1	M00008820	0
NA	3	1	M00008821	0
NA	3	1	M00008822	1
NA	3	1	M00008823	0
NA	3	1	M00008824	0
NA	3	1	M00008825	0
NA	3	1	M00008826	0
NA	3	1	M00008827	1
NA	3	1	M00008828	0
NA	3	1	M00008829	0
NA	3	1	M00008830	0
NA	3	1	M00008831	0
NA	3	1	M00008832	-1
NA	3	1	M00008833	0
NA	3	1	M00008834	0
NA	3	1	M00008835	0
NA	3	1	M00008836	0
NA	3	1	M00008837	0
NA	3	1	M00008838	0
NA	3	1	M00008839	0
NA	3	1	M00008840	0
NA	3	1	M00008841	0
NA	3	1	M00008842	0
NA	3	1	M00008843	0
NA	3	1	M00008844	0
NA	3	1	M00008845	0
NA	3	1	M00008846	0
NA	3	1	M00008847	0
NA	3	1	M00008848	0
NA	3	1	M00008849	0
NA	3	1	M00008850	0
NA	3	1	M00008851	0
NA	3	1	M00008852	0
NA	3	1	M00008853	0
NA	3	1	M00008854	0
NA	3	1	M00008855	0
NA	3	1	M00008856	0
NA	3	1	M00008857	0
NA	3	1	M00008858	0
NA	3	1	M00008859	0
NA	3	1	M00008860	1
NA	3	1	M00008861	0
NA	3	1	M00008862	0
NA	3	1	M00008863	0
NA	3	1	M00008864	0
NA	3	1	M00008865	0
NA	3	1	M00008866	1
NA	3	1	M00008867	0
NA	3	1	M00008868	0
NA	3	1	M00008869	0
NA	3	1	M00008870	0
NA	3	1	M00008871	0
NA	3	1	M00008872	0
NA	3	1	M00008873	0
NA	3	1	M00008874	0
NA	3	1	M00008875	-1
NA	3	1	M00008876	0
NA	3	1	M00008877	0
NA	3	1	M00008878	0
NA	3	1	M00008879	0
NA	3	1	M00008880	0
NA	3	1	M00008881	0
NA	3	1	M00008882	0
NA	3	1	M00008883	0
NA	3	1	M00008884	0
NA	3	1	M00008885	0
NA	3	1	M00008886	0
NA	3	1	M00008887	0
NA	3	1	M00008888	0
NA	3	1	M00008889	0
NA	3	1	M00008890	0
NA	3	1	M00008891	0
NA	3	1	M00008892	1
NA	3	1	M00008893	0
NA	3	1	M00008894	0
NA	3	1	M00008895	0
NA	3	1	M00008896	0
NA	3	1	M00008897	0
NA	3	1	M00008898	0
NA	3	1	M00008899	0
NA	3	1	M00012400	0
NA	3	1	M00012401	0
NA	3	1	M00012402	0
NA	3	1	M00012403	0
NA	3	1	M00012404	0
NA	3	1	M00012405	0
NA	3	1	M00012406	0
NA	3	1	M00012407	0
NA	3	1	M00012408	0
NA	3	1	M00012409	0
NA	3	1	M00012410	0
NA	3	1	M00012411	0
NA	3	1	M00012412	0
NA	3	1	M00012413	0
NA	3	1	M00012414	0
NA	3	1	M00012415	0
NA	3	1	M00012416	0
NA	3	1	M00012417	0
NA	3	1	M00012418	0
NA	3	1	M00012419	0
NA	3	1	M00012420	0
NA	3	1	M00012421	0
NA	3	1	M00012422	0
NA	3	1	M00012423	0
NA	3	1	M00012424	0
NA	3	1	M00012425	0
NA	3	1	M00012426	0
NA	3	1	M00012427	0
NA	3	1	M00012428	0
NA	3	1	M00012429	0
NA	3	1	M00012430	0
NA	3	1	M00012431	0
NA	3	1	M00012432	0
NA	3	1	M00012433	0
NA	3	1	M00012434	0
NA	3	1	M00012435	0
NA	3	1	M00012436	0
NA	3	1	M00012437	1
NA	3	1	M00012438	0
NA	3	1	M00012439	0
NA	3	1	M00012440	0
NA	3	1	M00012441	0
NA	3	1	M00012442	1
NA	3	1	M00012443	-1
NA	3	1	M00012444	0
NA	3	1	M00012445	0
NA	3	1	M00012446	0
NA	3	1	M00012447	0
NA	3	1	M00012448	0
NA	3	1	M00012449	0
NA	3	1	M00012450	0
NA	3	1	M00012451	0
NA	3	1	M00012452	0
NA	3	1	M00012453	0
NA	3	1	M00012454	0
NA	3	1	M00012455	0
NA	3	1	M00012456	0
NA	3	1	M00012457	0
NA	3	1	M00012458	0
NA	3	1	M00012459	0
NA	3	1	M00012460	0
NA	3	1	M00012461	0
NA	3	1	M00012462	0
NA	3	1	M00012463	0
NA	3	1	M00012464	0
NA	3	1	M00012465	0
NA	3	1	M00012466	0
NA	3	1	M00012467	0
NA	3	1	M00012468	0
NA	3	1	M00012469	1
NA	3	1	M00012470	0
NA	3	1	M00012471	0
NA	3	1	M00012472	0
NA	3	1	M00012473	0
NA	3	1	M00012474	0
NA	3	1	M00012475	0
NA	3	1	M00012476	0
NA	3	1	M00012477	0
NA	3	1	M00012478	0
NA	3	1	M00012479	0
NA	3	1	M00012480	0
NA	3	1	M00012481	0
NA	3	1	M00012482	0
NA	3	1	M00012483	0
NA	3	1	M00012484	0
NA	3	1	M00012485	0
NA	3	1	M00012486	0
NA	3	1	M00012487	0
NA	3	1	M00012488	0
NA	3	1	M00012489	0
NA	3	1	M00012490	0
NA	3	1	M00012491	0
NA	3	1	M00012492	0
NA	3	1	M00012493	0
NA	3	1	M00012494	0
NA	3	1	M00012495	0
NA	3	1	M00012496	0
NA	3	1	M00012497	0
NA	3	1	M00012498	0
NA	3	1	M00012499	0
NA	3	1	M00012500	0
NA	3	1	M00012501	0
NA	3	1	M00012502	0
NA	3	1	M00012503	0
NA	3	1	M00012504	0
NA	3	1	M00012505	0
NA	3	1	M00012506	0
NA	3	1	M00012507	-1
NA	3	1	M00012508	0
NA	3	1	M00012509	0
NA	3	1	M00012513	0
NA	3	1	M00012514	0
NA	3	1	M00012515	0
NA	3	1	M00012516	0
NA	3	1	M00012517	0
NA	3	1	M00012518	0
NA	3	1	M00012519	0
NA	3	1	M00012520	0
NA	3	1	M00012521	0
NA	3	1	M00012522	0
NA	3	1	M00012523	0
NA	3	1	M00012524	0
NA	3	1	M00012525	0
NA	3	1	M00012526	-1
NA	3	1	M00012527	0
NA	3	1	M00012528	0
NA	3	1	M00012529	0
NA	3	1	M00012530	0
NA	3	1	M00012531	0
NA	3	1	M00012532	0
NA	3	1	M00012533	0
NA	3	1	M00012534	0
NA	3	1	M00012535	0
NA	3	1	M00012536	0
NA	3	1	M00012537	0
NA	3	1	M00012538	0
NA	3	1	M00012539	0
NA	3	1	M00012540	0
NA	3	1	M00012541	0
NA	3	1	M00012542	0
NA	3	1	M00012543	0
NA	3	1	M00012544	0
NA	3	1	M00012545	0
NA	3	1	M00012546	0
NA	3	1	M00012547	0
NA	3	1	M00012548	0
NA	3	1	M00012549	0
NA	3	1	M00012550	0
NA	3	1	M00012551	0
NA	3	1	M00012552	0
NA	3	1	M00012553	0
NA	3	1	M00012554	0
NA	3	1	M00012555	0
NA	3	1	M00012556	0
NA	3	1	M00012557	0
NA	3	1	M00012558	0
NA	3	1	M00012559	0
NA	3	1	M00015700	0
NA	3	1	M00015701	0
NA	3	1	M00015702	0
NA	3	1	M00015703	0
NA	3	1	M00015704	0
NA	3	1	M00015705	0
NA	3	1	M00015706	-1
NA	3	1	M00015707	0
NA	3	1	M00015708	0
NA	3	1	M00015709	0
NA	3	1	M00015710	0
NA	3	1	M00015711	0
NA	3	1	M00015712	0
NA	3	1	M00015713	0
NA	3	1	M00015714	0
NA	3	1	M00015715	0
NA	3	1	M00015716	0
NA	3	1	M00015717	1
NA	3	1	M00015718	1
NA	3	1	M00015719	0
NA	3	1	M00015720	0
NA	3	1	M00015721	0
NA	3	1	M00015722	0
NA	3	1	M00015723	0
NA	3	1	M00015724	0
NA	3	1	M00015725	1
NA	3	1	M00015726	-1
NA	3	1	M00015727	0
NA	3	1	M00015728	-1
NA	3	1	M00015729	0
NA	3	1	M00015730	0
NA	3	1	M00015731	0
NA	3	1	M00015732	0
NA	3	1	M00015733	0
NA	3	1	M00015734	0
NA	3	1	M00015735	1
NA	3	1	M00015736	0
NA	3	1	M00015737	0
NA	3	1	M00015738	-1
NA	3	1	M00015739	0
NA	3	1	M00015740	0
NA	3	1	M00015741	0
NA	3	1	M00015742	0
NA	3	1	M00015743	0
NA	3	1	M00015744	0
NA	3	1	M00015745	0
NA	3	1	M00015746	0
NA	3	1	M00015747	0
NA	3	1	M00015748	0
NA	3	1	M00015749	0
NA	3	1	M00015750	0
NA	3	1	M00015751	0
NA	3	1	M00015752	0
NA	3	1	M00015753	0
NA	3	1	M00015754	0
NA	3	1	M00015755	0
NA	3	1	M00015756	0
NA	3	1	M00015757	1
NA	3	1	M00015758	0
NA	3	1	M00015759	0
NA	3	1	M00015760	0
NA	3	1	M00015761	0
NA	3	1	M00015762	0
NA	3	1	M00015763	0
NA	3	1	M00015764	0
NA	3	1	M00015765	0
NA	3	1	M00015766	-1
NA	3	1	M00015767	0
NA	3	1	M00015768	0
NA	3	1	M00015769	0
NA	3	1	M00015770	0
NA	3	1	M00015771	0
NA	3	1	M00015772	0
NA	3	1	M00015773	0
NA	3	1	M00015774	0
NA	3	1	M00015775	0
NA	3	1	M00015776	0
NA	3	1	M00015777	0
NA	3	1	M00015778	0
NA	3	1	M00015779	0
NA	3	1	M00015780	0
NA	3	1	M00015781	0
NA	3	1	M00015782	0
NA	3	1	M00015783	0
NA	3	1	M00015784	0
NA	3	1	M00015785	0
NA	3	1	M00015786	0
NA	3	1	M00015787	0
NA	3	1	M00015788	0
NA	3	1	M00015789	0
NA	3	1	M00015790	0
NA	3	1	M00015791	0
NA	3	1	M00015792	0
NA	3	1	M00015793	0
NA	3	1	M00015794	0
NA	3	1	M00015795	0
NA	3	1	M00015796	0
NA	3	1	M00015797	0
NA	3	1	M00015798	0
NA	3	1	M00015799	0
NA	3	1	M00015850	0
NA	3	1	M00015851	0
NA	3	1	M00015852	0
NA	3	1	M00015853	0
NA	3	1	M00015854	0
NA	3	1	M00015855	0
NA	3	1	M00015856	0
NA	3	1	M00015857	0
NA	3	1	M00015858	0
NA	3	1	M00015859	0
NA	3	1	M00015860	0
NA	3	1	M00015861	0
NA	3	1	M00015862	0
NA	3	1	M00015863	0
NA	3	1	M00015864	0
NA	3	1	M00015865	0
NA	3	1	M00015866	0
NA	3	1	M00015867	0
NA	3	1	M00015868	0
NA	3	1	M00015869	0
NA	3	1	M00015870	0
NA	3	1	M00015871	0
NA	3	1	M00015872	0
NA	3	1	M00015873	0
NA	3	1	M00015874	0
NA	3	1	M00015875	1
NA	3	1	M00015876	0
NA	3	1	M00015877	0
NA	3	1	M00015878	0
NA	3	1	M00015879	0
NA	3	1	M00015880	0
NA	3	1	M00015881	0
NA	3	1	M00015882	0
NA	3	1	M00015883	0
NA	3	1	M00015884	0
NA	3	1	M00015885	0
NA	3	1	M00015886	0
NA	3	1	M00015887	0
NA	3	1	M00015888	0
NA	3	1	M00015889	0
NA	3	1	M00015890	0
NA	3	1	M00015891	0
NA	3	1	M00015892	0
NA	3	1	M00015893	0
NA	3	1	M00015894	0
NA	3	1	M00015895	0
NA	3	1	M00015896	0
NA	3	1	M00015897	1
NA	3	1	M00015898	0
NA	3	1	M00015899	0
NA	3	1	M00019728	1
NA	3	1	M00019729	0
NA	3	1	M00019730	1
NA	3	1	M00019731	1
NA	3	1	M00019732	0
NA	3	1	M00019733	0
NA	3	1	M00019734	0
NA	3	1	M00019735	0
NA	3	1	M00019736	0
NA	3	1	M00019737	0
NA	3	1	M00019738	0
NA	3	1	M00019739	0
NA	3	1	M00019740	1
NA	3	1	M00019741	0
NA	3	1	M00019742	0
NA	3	1	M00019743	1
NA	3	1	M00019744	1
NA	3	1	M00019745	0
NA	3	1	M00019746	0
NA	3	1	M00019747	-1
NA	3	1	M00019748	0
NA	3	1	M00019749	0
NA	3	1	M00019750	0
NA	3	1	M00019751	-1
NA	3	1	M00019752	0
NA	3	1	M00019753	0
NA	3	1	M00019755	1
NA	3	1	M00019756	0
NA	3	1	M00019757	0
NA	3	1	M00019759	1
NA	3	1	M00019760	1
NA	3	1	M00019761	0
NA	3	1	M00019762	0
NA	3	1	M00019763	0
NA	3	1	M00019764	1
NA	3	1	M00019765	0
NA	3	1	M00019766	0
NA	3	1	M00019767	0
NA	3	1	M00019768	0
NA	3	1	M00019770	0
NA	3	1	M00019771	0
NA	3	1	M00019772	1
NA	3	1	M00019773	0
NA	3	1	M00019774	0
NA	3	1	M00019775	0
NA	3	1	M00019776	1
NA	3	1	M00019777	1
NA	3	1	M00019778	0
NA	3	1	M00019779	1
NA	3	1	M00019780	0
NA	3	1	M00019781	0
NA	3	1	M00019782	0
NA	3	1	M00019783	1
NA	3	1	M00019784	0
NA	3	1	M00019785	0
NA	3	1	M00019786	-1
NA	3	1	M00019787	0
NA	3	1	M00019788	1
NA	3	1	M00019789	1
NA	3	1	M00019790	1
NA	3	1	M00019791	0
NA	3	1	M00019792	0
NA	3	1	M00019793	0
NA	3	1	M00019794	-1
NA	3	1	M00019795	0
NA	3	1	M00019796	0
NA	3	1	M00019797	0
NA	3	1	M00019798	0
NA	3	1	M00019799	0
NA	3	1	M00019800	-1
NA	3	1	M00019801	-1
NA	3	1	M00019802	0
NA	3	1	M00019803	0
NA	3	1	M00019804	1
NA	3	1	M00019805	1
NA	3	1	M00019806	1
NA	3	1	M00019807	0
NA	3	1	M00019808	0
NA	3	1	M00019809	0
NA	3	1	M00019810	0
NA	3	1	M00019811	0
NA	3	1	M00019812	0
NA	3	1	M00019813	0
NA	3	1	M00019814	0
NA	3	1	M00019815	0
NA	3	1	M00019816	0
NA	3	1	M00019817	0
NA	3	1	M00019818	0
NA	3	1	M00019819	1
NA	3	1	M00019821	0
NA	3	1	M00019822	0
NA	3	1	M00019823	0
NA	3	1	M00019824	0
NA	3	1	M00019825	0
NA	3	1	M00019826	0
NA	3	1	M00019827	0
NA	3	1	M00019828	1
NA	3	1	M00019829	0
NA	3	1	M00019830	0
NA	3	1	M00019831	1
NA	3	1	M00019832	0
NA	3	1	M00019833	0
NA	3	1	M00019834	0
NA	3	1	M00019835	1
NA	3	1	M00019836	0
NA	3	1	M00019837	0
NA	3	1	M00019838	0
NA	3	1	M00019839	0
NA	3	1	M00019840	0
NA	3	1	M00019841	0
NA	3	1	M00019842	-1
NA	3	1	M00019843	-1
NA	3	1	M00019844	0
NA	3	1	M00019845	0
NA	3	1	M00019846	0
NA	3	1	M00019847	0
NA	3	1	M00019848	0
NA	3	1	M00019849	0
NA	3	1	M00019850	0
NA	3	1	M00019851	0
NA	3	1	M00019852	0
NA	3	1	M00019853	-1
NA	3	1	M00019854	0
NA	3	1	M00019855	0
NA	3	1	M00019856	0
NA	3	1	M00019857	0
NA	3	1	M00019858	-1
NA	3	1	M00019859	1
NA	3	1	M00019860	0
NA	3	1	M00019861	0
NA	3	1	M00019862	1
NA	3	1	M00019863	0
NA	3	1	M00019864	1
NA	3	1	M00019865	0
NA	3	1	M00019866	0
NA	3	1	M00019867	1
NA	3	1	M00019868	1
NA	3	1	M00019869	0
NA	3	1	M00019870	0
NA	3	1	M00019871	0
NA	3	1	M00019872	0
NA	3	1	M00019873	0
NA	3	1	M00019874	0
NA	3	1	M00019875	0
NA	3	1	M00019876	1
NA	3	1	M00019877	0
NA	3	1	M00019878	1
NA	3	1	M00019879	0
NA	3	1	M00019880	0
NA	3	1	M00019881	0
NA	3	1	M00019882	0
NA	3	1	M00019883	0
NA	3	1	M00019884	0
NA	3	1	M00019885	0
NA	3	1	M00019886	0
NA	3	1	M00019887	0
NA	3	1	M00019888	0
NA	3	1	M00019889	0
NA	3	1	M00019890	0
NA	3	1	M00019891	1
NA	3	1	M00019892	1
NA	3	1	M00019893	0
NA	3	1	M00019894	1
NA	3	1	M00019895	0
NA	3	1	M00019899	0
NA	3	1	M00019900	0
NA	3	1	M00019901	0
NA	3	1	M00019902	0
NA	3	1	M00019903	0
NA	3	1	M00019904	1
NA	3	1	M00019905	1
NA	3	1	M00019906	0
NA	3	1	M00019907	0
NA	3	1	M00019908	0
NA	3	1	M00019909	0
NA	3	1	M00019910	0
NA	3	1	M00019911	0
NA	3	1	M00019912	0
NA	3	1	M00019913	0
NA	3	1	M00019914	0
NA	3	1	M00019915	0
NA	3	1	M00019916	0
NA	3	1	M00019917	0
NA	3	1	M00019918	0
NA	3	1	M00019919	1
NA	3	1	M00019920	0
NA	3	1	M00019921	0
NA	3	1	M00019922	0
NA	3	1	M00019923	0
NA	3	1	M00019924	0
NA	3	1	M00019925	0
NA	3	1	M00019926	0
NA	3	1	M00019927	0
NA	3	1	M00019928	0
NA	3	1	M00019929	0
NA	3	1	M00019930	0
NA	3	1	M00019931	0
NA	3	1	M00019932	0
NA	3	1	M00019933	0
NA	3	1	M00019934	0
NA	3	1	M00019935	1
NA	3	1	M00019936	0
NA	3	1	M00019937	0
NA	3	1	M00019938	0
NA	3	1	M00019939	0
NA	3	1	M00019940	0
NA	3	1	M00019941	0
NA	3	1	M00019942	0
NA	3	1	M00019943	0
NA	3	1	M00019944	0
NA	3	1	M00019945	0
NA	3	1	M00019946	0
NA	3	1	M00019947	0
NA	3	1	M00019948	0
NA	3	1	M00019949	1
NA	3	1	M00019950	0
NA	3	1	M00019951	1
NA	3	1	M00019952	0
NA	3	1	M00019953	0
NA	3	1	M00019954	0
NA	3	1	M00019955	0
NA	3	1	M00019956	0
NA	3	1	M00019957	0
NA	3	1	M00019958	0
NA	3	1	M00019959	0
NA	3	1	M00019960	0
NA	3	1	M00019961	0
NA	3	1	M00019962	0
NA	3	1	M00019963	0
NA	3	1	M00019964	0
NA	3	1	M00019965	0
NA	3	1	M00019966	0
NA	3	1	M00019967	0
NA	3	1	M00019968	0
NA	3	1	M00019969	1
NA	3	1	M00019970	0
NA	3	1	M00019971	0
NA	3	1	M00019972	0
NA	3	1	M00019973	0
NA	3	1	M00019974	0
NA	3	1	M00019975	0
NA	3	1	M00019976	0
NA	3	1	M00019977	1
NA	3	1	M00019978	0
NA	3	1	M00019979	0
NA	3	1	M00019980	0
NA	3	1	M00019981	0
NA	3	1	M00019982	0
NA	3	1	M00019983	0
NA	3	1	M00019984	0
NA	3	1	M00019985	0
NA	3	1	M00019986	0
NA	3	1	M00019987	0
NA	3	1	M00019988	0
NA	3	1	M00019989	0
NA	3	1	M00019990	0
NA	3	1	M00019991	0
NA	3	1	M00019992	0
NA	3	1	M00019993	0
NA	3	1	M00019994	1
NA	3	1	M00019995	1
NA	3	1	M00019996	0
NA	3	1	M00019997	0
NA	3	1	M00019998	0
NA	3	1	M00019999	0
NA	3	1	M00023740	0
NA	3	1	M00023741	0
NA	3	1	M00023742	0
NA	3	1	M00023743	0
NA	3	1	M00023744	1
NA	3	1	M00023745	0
NA	3	1	M00023746	0
NA	3	1	M00023747	0
NA	3	1	M00023748	0
NA	3	1	M00023750	0
NA	3	1	M00023751	0
NA	3	1	M00023752	1
NA	3	1	M00023753	1
NA	3	1	M00023754	0
NA	3	1	M00023755	0
NA	3	1	M00023756	0
NA	3	1	M00023757	0
NA	3	1	M00023758	-1
NA	3	1	M00023759	0
NA	3	1	M00023760	0
NA	3	1	M00023761	0
NA	3	1	M00023762	-1
NA	3	1	M00023763	-1
NA	3	1	M00023764	0
NA	3	1	M00023765	1
NA	3	1	M00023766	0
NA	3	1	M00023767	0
NA	3	1	M00023768	-1
NA	3	1	M00023769	0
NA	3	1	M00023770	0
NA	3	1	M00023771	0
NA	3	1	M00023772	0
NA	3	1	M00023773	-1
NA	3	1	M00023774	-1
NA	4	1	M00001936	-1
NA	4	1	M00001937	0
NA	4	1	M00001938	0
NA	4	1	M00001939	0
NA	4	1	M00001940	0
NA	4	1	M00001941	0
NA	4	1	M00001942	0
NA	4	1	M00001943	0
NA	4	1	M00001944	0
NA	4	1	M00001945	0
NA	4	1	M00001946	0
NA	4	1	M00001947	0
NA	4	1	M00001948	0
NA	4	1	M00001949	0
NA	4	1	M00001950	-1
NA	4	1	M00001951	0
NA	4	1	M00001952	0
NA	4	1	M00001953	0
NA	4	1	M00001954	0
NA	4	1	M00001955	-1
NA	4	1	M00001956	-1
NA	4	1	M00001957	0
NA	4	1	M00001958	-1
NA	4	1	M00001959	0
NA	4	1	M00001960	0
NA	4	1	M00001961	-1
NA	4	1	M00001962	0
NA	4	1	M00001963	-1
NA	4	1	M00001964	0
NA	4	1	M00001965	0
NA	4	1	M00001966	0
NA	4	1	M00001967	0
NA	4	1	M00001968	0
NA	4	1	M00001969	0
NA	4	1	M00001970	-1
NA	4	1	M00001971	0
NA	4	1	M00001972	0
NA	4	1	M00001973	0
NA	4	1	M00001974	-1
NA	4	1	M00001975	0
NA	4	1	M00001976	0
NA	4	1	M00001977	0
NA	4	1	M00001978	0
NA	4	1	M00001979	-1
NA	4	1	M00001980	0
NA	4	1	M00001981	0
NA	4	1	M00001982	0
NA	4	1	M00001983	0
NA	4	1	M00001984	0
NA	4	1	M00001985	-1
NA	4	1	M00001986	0
NA	4	1	M00001987	0
NA	4	1	M00001988	0
NA	4	1	M00001989	-1
NA	4	1	M00001990	0
NA	4	1	M00001991	0
NA	4	1	M00001992	0
NA	4	1	M00001993	0
NA	4	1	M00001994	0
NA	4	1	M00001995	-1
NA	4	1	M00001996	0
NA	4	1	M00001997	0
NA	4	1	M00001998	0
NA	4	1	M00001999	0
NA	4	1	M00007202	0
NA	4	1	M00007203	-1
NA	4	1	M00007204	0
NA	4	1	M00007205	0
NA	4	1	M00007206	0
NA	4	1	M00007207	0
NA	4	1	M00007208	0
NA	4	1	M00007209	0
NA	4	1	M00007210	0
NA	4	1	M00007211	-1
NA	4	1	M00007212	0
NA	4	1	M00007213	0
NA	4	1	M00007214	0
NA	4	1	M00007215	0
NA	4	1	M00007216	0
NA	4	1	M00007217	-1
NA	4	1	M00007218	0
NA	4	1	M00007219	0
NA	4	1	M00007220	0
NA	4	1	M00007221	-1
NA	4	1	M00007222	0
NA	4	1	M00007223	0
NA	4	1	M00007224	-1
NA	4	1	M00007225	0
NA	4	1	M00007226	0
NA	4	1	M00007227	0
NA	4	1	M00007228	0
NA	4	1	M00007229	0
NA	4	1	M00007230	-1
NA	4	1	M00007231	0
NA	4	1	M00007232	0
NA	4	1	M00007233	0
NA	4	1	M00007234	0
NA	4	1	M00007235	0
NA	4	1	M00007236	0
NA	4	1	M00007237	0
NA	4	1	M00007238	0
NA	4	1	M00007239	0
NA	4	1	M00007240	-1
NA	4	1	M00007241	0
NA	4	1	M00007242	0
NA	4	1	M00007243	0
NA	4	1	M00007244	0
NA	4	1	M00007245	0
NA	4	1	M00007246	0
NA	4	1	M00007247	-1
NA	4	1	M00007248	0
NA	4	1	M00007249	0
NA	4	1	M00007250	0
NA	4	1	M00007251	0
NA	4	1	M00007252	1
NA	4	1	M00007253	0
NA	4	1	M00007254	-1
NA	4	1	M00007255	0
NA	4	1	M00007256	0
NA	4	1	M00007257	0
NA	4	1	M00007258	0
NA	4	1	M00007259	-1
NA	4	1	M00007260	-1
NA	4	1	M00007261	0
NA	4	1	M00007263	0
NA	4	1	M00007264	-1
NA	4	1	M00007265	0
NA	4	1	M00007266	0
NA	4	1	M00007267	0
NA	4	1	M00007269	1
NA	4	1	M00007270	0
NA	4	1	M00007271	-1
NA	4	1	M00007272	0
NA	4	1	M00007273	-1
NA	4	1	M00007274	0
NA	4	1	M00007275	0
NA	4	1	M00007276	0
NA	4	1	M00007277	0
NA	4	1	M00007278	0
NA	4	1	M00007279	0
NA	4	1	M00007280	0
NA	4	1	M00007281	0
NA	4	1	M00007282	0
NA	4	1	M00007283	0
NA	4	1	M00007284	0
NA	4	1	M00007285	0
NA	4	1	M00007286	-1
NA	4	1	M00007287	0
NA	4	1	M00007288	-1
NA	4	1	M00007289	0
NA	4	1	M00007290	0
NA	4	1	M00007291	0
NA	4	1	M00007292	0
NA	4	1	M00007293	0
NA	4	1	M00007294	1
NA	4	1	M00007295	-1
NA	4	1	M00007296	0
NA	4	1	M00007297	-1
NA	4	1	M00007298	0
NA	4	1	M00007299	0
NA	4	1	M00007300	0
NA	4	1	M00007301	-1
NA	4	1	M00007302	-1
NA	4	1	M00007303	0
NA	4	1	M00007304	0
NA	4	1	M00007305	0
NA	4	1	M00007306	0
NA	4	1	M00007307	0
NA	4	1	M00012160	0
NA	4	1	M00012161	0
NA	4	1	M00012162	0
NA	4	1	M00012163	0
NA	4	1	M00012164	0
NA	4	1	M00012165	0
NA	4	1	M00012166	-1
NA	4	1	M00012167	0
NA	4	1	M00012168	-1
NA	4	1	M00012169	0
NA	4	1	M00012597	0
NA	4	1	M00012598	0
NA	4	1	M00012599	0
NA	4	1	M00012600	-1
NA	4	1	M00012601	0
NA	4	1	M00012602	-1
NA	4	1	M00012603	0
NA	4	1	M00012604	-1
NA	4	1	M00012605	0
NA	4	1	M00012606	0
NA	4	1	M00012607	-1
NA	4	1	M00012608	0
NA	4	1	M00012609	-1
NA	4	1	M00012610	0
NA	4	1	M00012611	0
NA	4	1	M00012612	0
NA	4	1	M00012613	0
NA	4	1	M00012614	0
NA	4	1	M00012615	0
NA	4	1	M00012616	0
NA	4	1	M00012617	0
NA	4	1	M00012618	0
NA	4	1	M00012619	0
NA	4	1	M00012620	0
NA	4	1	M00012621	0
NA	4	1	M00012622	-1
NA	4	1	M00012623	0
NA	4	1	M00012624	0
NA	4	1	M00012625	0
NA	4	1	M00012626	0
NA	4	1	M00012627	0
NA	4	1	M00012628	0
NA	4	1	M00012629	0
NA	4	1	M00012630	0
NA	4	1	M00012631	0
NA	4	1	M00012632	0
NA	4	1	M00012633	0
NA	4	1	M00012635	-1
NA	4	1	M00012636	0
NA	4	1	M00012637	0
NA	4	1	M00012638	0
NA	4	1	M00012639	0
NA	4	1	M00012640	-1
NA	4	1	M00012641	0
NA	4	1	M00012642	0
NA	4	1	M00012643	0
NA	4	1	M00012644	0
NA	4	1	M00012645	-1
NA	4	1	M00012646	0
NA	4	1	M00012647	0
NA	4	1	M00012648	0
NA	4	1	M00012649	0
NA	4	1	M00012650	0
NA	4	1	M00012651	0
NA	4	1	M00012652	0
NA	4	1	M00012653	0
NA	4	1	M00012654	0
NA	4	1	M00012655	0
NA	4	1	M00012656	0
NA	4	1	M00012657	0
NA	4	1	M00012658	0
NA	4	1	M00012659	0
NA	4	1	M00012660	0
NA	4	1	M00012661	0
NA	4	1	M00012662	0
NA	4	1	M00012663	0
NA	4	1	M00012664	0
NA	4	1	M00012665	0
NA	4	1	M00012666	0
NA	4	1	M00012667	0
NA	4	1	M00012668	0
NA	4	1	M00012669	0
NA	4	1	M00012670	0
NA	4	1	M00012671	0
NA	4	1	M00012672	0
NA	4	1	M00012673	0
NA	4	1	M00012674	0
NA	4	1	M00012675	0
NA	4	1	M00012676	0
NA	4	1	M00012677	0
NA	4	1	M00012678	0
NA	4	1	M00012679	0
NA	4	1	M00012680	0
NA	4	1	M00012681	0
NA	4	1	M00012682	0
NA	4	1	M00012683	0
NA	4	1	M00012684	0
NA	4	1	M00012685	0
NA	4	1	M00012686	0
NA	4	1	M00012687	0
NA	4	1	M00012688	0
NA	4	1	M00012689	0
NA	4	1	M00012690	0
NA	4	1	M00012691	0
NA	4	1	M00012692	0
NA	4	1	M00012693	0
NA	4	1	M00012694	0
NA	4	1	M00012695	0
NA	4	1	M00012696	0
NA	4	1	M00012697	0
NA	4	1	M00012698	0
NA	4	1	M00012699	0
NA	4	1	M00012700	0
NA	4	1	M00012701	0
NA	4	1	M00012702	0
NA	4	1	M00012703	1
NA	4	1	M00012704	1
NA	4	1	M00012705	1
NA	4	1	M00012706	0
NA	4	1	M00012707	1
NA	4	1	M00012708	0
NA	4	1	M00012709	0
NA	4	1	M00012710	0
NA	4	1	M00012711	0
NA	4	1	M00012712	0
NA	4	1	M00012713	0
NA	4	1	M00012714	0
NA	4	1	M00012715	0
NA	4	1	M00012716	0
NA	4	1	M00012717	0
NA	4	1	M00012718	0
NA	4	1	M00012719	0
NA	4	1	M00012720	0
NA	4	1	M00012721	0
NA	4	1	M00012722	0
NA	4	1	M00012723	0
NA	4	1	M00012724	0
NA	4	1	M00012725	-1
NA	4	1	M00012726	0
NA	4	1	M00012727	-1
NA	4	1	M00012728	0
NA	4	1	M00012729	0
NA	4	1	M00012730	0
NA	4	1	M00012731	0
NA	4	1	M00012732	0
NA	4	1	M00012733	0
NA	4	1	M00012734	0
NA	4	1	M00012735	0
NA	4	1	M00012736	0
NA	4	1	M00012737	0
NA	4	1	M00012738	0
NA	4	1	M00012739	0
NA	4	1	M00012740	0
NA	4	1	M00012741	0
NA	4	1	M00012742	0
NA	4	1	M00012743	0
NA	4	1	M00012744	0
NA	4	1	M00012745	0
NA	4	1	M00012746	0
NA	4	1	M00012747	0
NA	4	1	M00012748	0
NA	4	1	M00012749	0
NA	4	1	M00012750	0
NA	4	1	M00012751	0
NA	4	1	M00012752	0
NA	4	1	M00012753	-1
NA	4	1	M00012754	0
NA	4	1	M00012755	0
NA	4	1	M00012756	0
NA	4	1	M00012757	0
NA	4	1	M00012758	0
NA	4	1	M00012759	0
NA	4	1	M00012760	0
NA	4	1	M00012761	0
NA	4	1	M00012762	0
NA	4	1	M00012763	0
NA	4	1	M00012764	0
NA	4	1	M00012765	0
NA	4	1	M00012766	0
NA	4	1	M00012767	0
NA	4	1	M00012768	0
NA	4	1	M00012769	0
NA	4	1	M00012770	0
NA	4	1	M00012771	0
NA	4	1	M00012772	0
NA	4	1	M00012773	0
NA	4	1	M00012774	0
NA	4	1	M00012775	0
NA	4	1	M00012776	0
NA	4	1	M00012777	0
NA	4	1	M00012778	0
NA	4	1	M00012779	0
NA	4	1	M00012780	0
NA	4	1	M00012781	-1
NA	4	1	M00012782	0
NA	4	1	M00012783	0
NA	4	1	M00012784	-1
NA	4	1	M00012785	-1
NA	4	1	M00012786	0
NA	4	1	M00012787	0
NA	4	1	M00012788	0
NA	4	1	M00012789	0
NA	4	1	M00012790	0
NA	4	1	M00012791	0
NA	4	1	M00012792	-1
NA	4	1	M00012793	0
NA	4	1	M00012794	0
NA	4	1	M00012795	-1
NA	4	1	M00012796	-1
NA	4	1	M00012797	0
NA	4	1	M00012798	0
NA	4	1	M00012799	0
NA	4	1	M00012800	0
NA	4	1	M00012801	0
NA	4	1	M00012802	-1
NA	4	1	M00012803	0
NA	4	1	M00012804	0
NA	4	1	M00012805	0
NA	4	1	M00012806	0
NA	4	1	M00012807	0
NA	4	1	M00012808	0
NA	4	1	M00012809	0
NA	4	1	M00012810	0
NA	4	1	M00012811	0
NA	4	1	M00012812	0
NA	4	1	M00012813	0
NA	4	1	M00012814	0
NA	4	1	M00012815	0
NA	4	1	M00012816	0
NA	4	1	M00012817	-1
NA	4	1	M00012818	0
NA	4	1	M00012819	0
NA	4	1	M00012820	0
NA	4	1	M00012821	-1
NA	4	1	M00012822	0
NA	4	1	M00012823	0
NA	4	1	M00012824	0
NA	4	1	M00012825	0
NA	4	1	M00012826	0
NA	4	1	M00012827	0
NA	4	1	M00012828	0
NA	4	1	M00012829	-1
NA	4	1	M00012830	-1
NA	4	1	M00012831	-1
NA	4	1	M00012832	0
NA	4	1	M00012833	0
NA	4	1	M00012834	0
NA	4	1	M00012835	0
NA	4	1	M00012836	0
NA	4	1	M00012837	0
NA	4	1	M00012838	0
NA	4	1	M00012839	0
NA	4	1	M00012840	0
NA	4	1	M00012841	0
NA	4	1	M00012842	0
NA	4	1	M00012843	0
NA	4	1	M00012844	0
NA	4	1	M00012845	0
NA	4	1	M00012846	0
NA	4	1	M00012847	0
NA	4	1	M00012848	0
NA	4	1	M00012849	0
NA	4	1	M00012850	0
NA	4	1	M00012851	0
NA	4	1	M00012852	0
NA	4	1	M00012853	0
NA	4	1	M00012854	0
NA	4	1	M00012855	0
NA	4	1	M00012856	0
NA	4	1	M00012857	0
NA	4	1	M00012858	0
NA	4	1	M00012859	0
NA	4	1	M00012860	0
NA	4	1	M00012861	0
NA	4	1	M00012862	0
NA	4	1	M00012863	0
NA	4	1	M00012864	0
NA	4	1	M00012865	0
NA	4	1	M00012866	0
NA	4	1	M00012867	0
NA	4	1	M00012868	0
NA	4	1	M00012869	0
NA	4	1	M00012870	0
NA	4	1	M00012871	0
NA	4	1	M00012872	0
NA	4	1	M00012873	0
NA	4	1	M00012874	0
NA	4	1	M00012875	0
NA	4	1	M00012876	0
NA	4	1	M00012877	0
NA	4	1	M00012878	0
NA	4	1	M00012879	0
NA	4	1	M00012880	0
NA	4	1	M00012881	0
NA	4	1	M00012882	0
NA	4	1	M00012883	0
NA	4	1	M00012884	0
NA	4	1	M00012885	0
NA	4	1	M00012886	0
NA	4	1	M00012887	-1
NA	4	1	M00012888	0
NA	4	1	M00012889	0
NA	4	1	M00012890	0
NA	4	1	M00012891	-1
NA	4	1	M00012892	0
NA	4	1	M00012893	-1
NA	4	1	M00012894	0
NA	4	1	M00012895	0
NA	4	1	M00012896	0
NA	4	1	M00012897	0
NA	4	1	M00012898	0
NA	4	1	M00012899	0
NA	4	1	M00012900	-1
NA	4	1	M00012901	0
NA	4	1	M00012902	0
NA	4	1	M00012903	0
NA	4	1	M00012904	0
NA	4	1	M00012905	0
NA	4	1	M00012906	0
NA	4	1	M00012907	0
NA	4	1	M00012908	0
NA	4	1	M00012909	0
NA	4	1	M00012910	0
NA	4	1	M00012911	0
NA	4	1	M00012912	0
NA	4	1	M00012913	0
NA	4	1	M00012914	0
NA	4	1	M00012915	0
NA	4	1	M00012916	0
NA	4	1	M00012917	0
NA	4	1	M00012918	0
NA	4	1	M00012919	0
NA	4	1	M00012920	0
NA	4	1	M00012921	0
NA	4	1	M00012922	0
NA	4	1	M00012923	0
NA	4	1	M00012924	0
NA	4	1	M00012925	0
NA	4	1	M00012926	0
NA	4	1	M00012927	0
NA	4	1	M00012928	0
NA	4	1	M00012929	0
NA	4	1	M00012930	0
NA	4	1	M00012931	0
NA	4	1	M00012932	0
NA	4	1	M00012933	0
NA	4	1	M00012934	0
NA	4	1	M00012935	0
NA	4	1	M00012936	0
NA	4	1	M00012937	0
NA	4	1	M00012938	0
NA	4	1	M00012939	0
NA	4	1	M00012940	0
NA	4	1	M00012941	0
NA	4	1	M00012942	0
NA	4	1	M00012943	0
NA	4	1	M00012944	0
NA	4	1	M00012945	0
NA	4	1	M00012946	0
NA	4	1	M00012947	0
NA	4	1	M00012948	0
NA	4	1	M00012949	0
NA	4	1	M00012950	0
NA	4	1	M00012951	0
NA	4	1	M00012952	0
NA	4	1	M00012953	0
NA	4	1	M00012954	0
NA	4	1	M00012955	0
NA	4	1	M00012956	0
NA	4	1	M00012957	0
NA	4	1	M00012958	0
NA	4	1	M00012959	-1
NA	4	1	M00012960	0
NA	4	1	M00012961	0
NA	4	1	M00012962	0
NA	4	1	M00012963	0
NA	4	1	M00012964	0
NA	4	1	M00012965	-1
NA	4	1	M00012966	-1
NA	4	1	M00012967	0
NA	4	1	M00012968	-1
NA	4	1	M00012969	0
NA	4	1	M00012970	0
NA	4	1	M00012971	0
NA	4	1	M00012972	0
NA	4	1	M00012973	0
NA	4	1	M00012974	0
NA	4	1	M00012975	0
NA	4	1	M00012976	0
NA	4	1	M00012977	0
NA	4	1	M00012978	-1
NA	4	1	M00012979	0
NA	4	1	M00012980	0
NA	4	1	M00012981	0
NA	4	1	M00012982	0
NA	4	1	M00012983	0
NA	4	1	M00012984	0
NA	4	1	M00012985	0
NA	4	1	M00012986	0
NA	4	1	M00012987	0
NA	4	1	M00012988	-1
NA	4	1	M00012989	0
NA	4	1	M00012990	0
NA	4	1	M00012991	0
NA	4	1	M00012992	0
NA	4	1	M00012993	0
NA	4	1	M00012994	-1
NA	4	1	M00012995	0
NA	4	1	M00012996	0
NA	4	1	M00016300	0
NA	4	1	M00016301	-1
NA	4	1	M00016302	0
NA	4	1	M00016303	0
NA	4	1	M00016304	0
NA	4	1	M00016305	0
NA	4	1	M00016306	0
NA	4	1	M00016307	0
NA	4	1	M00016308	0
NA	4	1	M00016309	0
NA	4	1	M00016310	0
NA	4	1	M00016311	0
NA	4	1	M00016312	0
NA	4	1	M00016313	0
NA	4	1	M00016314	0
NA	4	1	M00016315	0
NA	4	1	M00016316	0
NA	4	1	M00016317	0
NA	4	1	M00016318	0
NA	4	1	M00016319	0
NA	4	1	M00016320	0
NA	4	1	M00016321	0
NA	4	1	M00016322	0
NA	4	1	M00016323	-1
NA	4	1	M00016324	0
NA	4	1	M00016325	0
NA	4	1	M00016326	0
NA	4	1	M00016327	0
NA	4	1	M00016328	0
NA	4	1	M00016329	0
NA	4	1	M00016330	0
NA	4	1	M00016331	0
NA	4	1	M00016332	0
NA	4	1	M00016333	0
NA	4	1	M00016334	0
NA	4	1	M00016335	0
NA	4	1	M00016336	0
NA	4	1	M00016337	0
NA	4	1	M00016338	0
NA	4	1	M00016339	0
NA	4	1	M00016340	0
NA	4	1	M00016341	-1
NA	4	1	M00016342	-1
NA	4	1	M00016343	0
NA	4	1	M00016344	0
NA	4	1	M00016345	0
NA	4	1	M00016346	-1
NA	4	1	M00016347	0
NA	4	1	M00016348	0
NA	4	1	M00016349	0
NA	4	1	M00016350	-1
NA	4	1	M00016351	0
NA	4	1	M00016352	0
NA	4	1	M00016353	0
NA	4	1	M00016354	-1
NA	4	1	M00016355	0
NA	4	1	M00016356	0
NA	4	1	M00016357	0
NA	4	1	M00016358	0
NA	4	1	M00016359	0
NA	4	1	M00016385	0
NA	4	1	M00016386	0
NA	4	1	M00016387	-1
NA	4	1	M00016388	0
NA	4	1	M00016390	0
NA	4	1	M00016391	0
NA	4	1	M00016392	0
NA	4	1	M00016393	0
NA	4	1	M00016394	0
NA	4	1	M00016395	-1
NA	4	1	M00016396	0
NA	4	1	M00016397	0
NA	4	1	M00016398	0
NA	4	1	M00016399	0
NA	4	1	M00016520	0
NA	4	1	M00016521	0
NA	4	1	M00016522	0
NA	4	1	M00016523	-1
NA	4	1	M00016524	0
NA	4	1	M00016525	0
NA	4	1	M00016526	0
NA	4	1	M00016527	0
NA	4	1	M00016528	0
NA	4	1	M00016529	0
NA	4	1	M00016530	0
NA	4	1	M00016531	0
NA	4	1	M00016532	-1
NA	4	1	M00016533	-1
NA	4	1	M00016534	0
NA	4	1	M00016535	0
NA	4	1	M00016536	0
NA	4	1	M00016537	0
NA	4	1	M00016538	0
NA	4	1	M00016539	0
NA	4	1	M00016540	-1
NA	4	1	M00016541	0
NA	4	1	M00016542	0
NA	4	1	M00016543	0
NA	4	1	M00016544	0
NA	4	1	M00016545	0
NA	4	1	M00016546	0
NA	4	1	M00016547	0
NA	4	1	M00016548	0
NA	4	1	M00016549	0
NA	4	1	M00016550	0
NA	4	1	M00016551	0
NA	4	1	M00016552	0
NA	4	1	M00016553	0
NA	4	1	M00016554	0
NA	4	1	M00016555	0
NA	4	1	M00016556	0
NA	4	1	M00016557	0
NA	4	1	M00016558	0
NA	4	1	M00016559	0
NA	4	1	M00016560	-1
NA	4	1	M00016561	0
NA	4	1	M00016562	0
NA	4	1	M00016563	0
NA	4	1	M00016564	0
NA	4	1	M00016565	0
NA	4	1	M00016566	0
NA	4	1	M00016567	0
NA	4	1	M00016568	0
NA	4	1	M00016569	0
NA	4	1	M00016570	0
NA	4	1	M00016571	0
NA	4	1	M00016572	0
NA	4	1	M00016573	0
NA	4	1	M00016574	0
NA	4	1	M00016575	0
NA	4	1	M00016576	0
NA	4	1	M00016577	-1
NA	4	1	M00016578	0
NA	4	1	M00016579	0
NA	4	1	M00016580	0
NA	4	1	M00016581	0
NA	4	1	M00016582	0
NA	4	1	M00016583	0
NA	4	1	M00016584	0
NA	4	1	M00016585	0
NA	4	1	M00016586	0
NA	4	1	M00016587	0
NA	4	1	M00016588	0
NA	4	1	M00016589	0
NA	4	1	M00016590	-1
NA	4	1	M00016591	0
NA	4	1	M00016592	0
NA	4	1	M00016593	0
NA	4	1	M00016594	0
NA	4	1	M00016595	0
NA	4	1	M00016596	0
NA	4	1	M00016597	0
NA	4	1	M00016598	0
NA	4	1	M00016599	0
NA	4	1	M00016600	-1
NA	4	1	M00016601	-1
NA	4	1	M00016602	0
NA	4	1	M00016603	0
NA	4	1	M00016604	0
NA	4	1	M00016605	0
NA	4	1	M00016606	0
NA	4	1	M00016607	0
NA	4	1	M00016608	0
NA	4	1	M00016609	0
NA	4	1	M00016610	0
NA	4	1	M00016611	0
NA	4	1	M00016612	0
NA	4	1	M00016613	0
NA	4	1	M00016614	0
NA	4	1	M00016615	0
NA	4	1	M00016616	0
NA	4	1	M00016617	0
NA	4	1	M00016618	0
NA	4	1	M00016619	0
NA	4	1	M00016620	0
NA	4	1	M00016621	0
NA	4	1	M00016622	0
NA	4	1	M00016623	-1
NA	4	1	M00016624	0
NA	4	1	M00016625	0
NA	4	1	M00016626	0
NA	4	1	M00016627	0
NA	4	1	M00016628	0
NA	4	1	M00016629	0
NA	4	1	M00016630	0
NA	4	1	M00016631	0
NA	4	1	M00016632	0
NA	4	1	M00016633	0
NA	4	1	M00016634	0
NA	4	1	M00016635	0
NA	4	1	M00016636	0
NA	4	1	M00016637	0
NA	4	1	M00016638	0
NA	4	1	M00016639	-1
NA	4	1	M00016640	0
NA	4	1	M00016641	0
NA	4	1	M00016642	0
NA	4	1	M00016643	0
NA	4	1	M00016644	0
NA	4	1	M00016645	0
NA	4	1	M00016646	0
NA	4	1	M00016647	0
NA	4	1	M00016648	0
NA	4	1	M00016649	0
NA	4	1	M00016650	0
NA	4	1	M00016651	0
NA	4	1	M00016652	0
NA	4	1	M00016653	0
NA	4	1	M00016654	0
NA	4	1	M00016655	0
NA	4	1	M00016656	0
NA	4	1	M00016657	0
NA	4	1	M00016658	0
NA	4	1	M00016659	0
NA	4	1	M00016660	-1
NA	4	1	M00016661	0
NA	4	1	M00016662	0
NA	4	1	M00016663	0
NA	4	1	M00016664	0
NA	4	1	M00016665	0
NA	4	1	M00016666	0
NA	4	1	M00016667	0
NA	4	1	M00016668	0
NA	4	1	M00016669	0
NA	4	1	M00016670	0
NA	4	1	M00016671	0
NA	4	1	M00016672	0
NA	4	1	M00016673	0
NA	4	1	M00016674	0
NA	4	1	M00016675	0
NA	4	1	M00016676	0
NA	4	1	M00016677	0
NA	4	1	M00016678	0
NA	4	1	M00016679	0
NA	4	1	M00016680	0
NA	4	1	M00016681	0
NA	4	1	M00016682	0
NA	4	1	M00016683	-1
NA	4	1	M00016684	0
NA	4	1	M00016685	0
NA	4	1	M00016686	0
NA	4	1	M00016687	0
NA	4	1	M00016688	0
NA	4	1	M00016689	0
NA	4	1	M00016690	0
NA	4	1	M00016691	0
NA	4	1	M00016692	0
NA	4	1	M00016693	0
NA	4	1	M00016694	0
NA	4	1	M00016695	0
NA	4	1	M00016696	0
NA	4	1	M00016697	0
NA	4	1	M00016698	0
NA	4	1	M00016699	0
NA	4	1	M00016700	0
NA	4	1	M00016701	0
NA	4	1	M00016702	-1
NA	4	1	M00016703	0
NA	4	1	M00016704	0
NA	4	1	M00016705	-1
NA	4	1	M00016706	-1
NA	4	1	M00016707	0
NA	4	1	M00016708	0
NA	4	1	M00016709	0
NA	4	1	M00016710	0
NA	4	1	M00016711	0
NA	4	1	M00016712	0
NA	4	1	M00016713	0
NA	4	1	M00016714	0
NA	4	1	M00016715	0
NA	4	1	M00016716	0
NA	4	1	M00016717	0
NA	4	1	M00016718	0
NA	4	1	M00016719	0
NA	4	1	M00016720	0
NA	4	1	M00016721	0
NA	4	1	M00016722	0
NA	4	1	M00016723	0
NA	4	1	M00016724	0
NA	4	1	M00016725	0
NA	4	1	M00016726	-1
NA	4	1	M00016727	0
NA	4	1	M00016728	0
NA	4	1	M00016729	0
NA	4	1	M00016730	0
NA	4	1	M00016731	-1
NA	4	1	M00016732	0
NA	4	1	M00016733	0
NA	4	1	M00016734	0
NA	4	1	M00016735	0
NA	4	1	M00016736	0
NA	4	1	M00016737	0
NA	4	1	M00016738	0
NA	4	1	M00016739	0
NA	4	1	M00016740	0
NA	4	1	M00016741	0
NA	4	1	M00016742	0
NA	4	1	M00016743	0
NA	4	1	M00016744	0
NA	4	1	M00016745	0
NA	4	1	M00016746	0
NA	4	1	M00016747	0
NA	4	1	M00016748	0
NA	4	1	M00016749	0
NA	4	1	M00016750	-1
NA	4	1	M00016751	0
NA	4	1	M00016752	0
NA	4	1	M00016753	0
NA	4	1	M00016754	0
NA	4	1	M00016755	0
NA	4	1	M00016756	0
NA	4	1	M00016757	0
NA	4	1	M00016758	0
NA	4	1	M00016759	0
NA	4	1	M00016760	0
NA	4	1	M00016761	0
NA	4	1	M00016762	0
NA	4	1	M00016763	0
NA	4	1	M00016764	0
NA	4	1	M00016765	0
NA	4	1	M00016766	-1
NA	4	1	M00016767	0
NA	4	1	M00016768	0
NA	4	1	M00016769	-1
NA	4	1	M00016770	0
NA	4	1	M00016771	0
NA	4	1	M00016772	0
NA	4	1	M00016773	0
NA	4	1	M00016774	0
NA	4	1	M00016775	0
NA	4	1	M00016776	0
NA	4	1	M00016777	0
NA	4	1	M00016778	0
NA	4	1	M00016779	0
NA	4	1	M00016780	0
NA	4	1	M00016781	0
NA	4	1	M00016782	0
NA	4	1	M00016783	0
NA	4	1	M00016784	0
NA	4	1	M00016785	0
NA	4	1	M00016786	0
NA	4	1	M00016787	0
NA	4	1	M00016788	0
NA	4	1	M00016789	0
NA	4	1	M00016790	0
NA	4	1	M00016791	0
NA	4	1	M00016792	0
NA	4	1	M00016793	0
NA	4	1	M00016794	-1
NA	4	1	M00016795	0
NA	4	1	M00016796	0
NA	4	1	M00016797	0
NA	4	1	M00016798	0
NA	4	1	M00016799	0
NA	4	1	M00016800	-1
NA	4	1	M00016801	0
NA	4	1	M00016802	0
NA	4	1	M00016803	0
NA	4	1	M00016804	0
NA	4	1	M00016805	0
NA	4	1	M00016806	0
NA	4	1	M00016807	0
NA	4	1	M00016808	0
NA	4	1	M00016809	0
NA	4	1	M00016810	0
NA	4	1	M00016811	0
NA	4	1	M00016812	0
NA	4	1	M00016813	0
NA	4	1	M00016814	0
NA	4	1	M00016815	-1
NA	4	1	M00016816	0
NA	4	1	M00016817	0
NA	4	1	M00016818	1
NA	4	1	M00016819	0
NA	4	1	M00016820	0
NA	4	1	M00016821	0
NA	4	1	M00016822	0
NA	4	1	M00016823	0
NA	4	1	M00016824	-1
NA	4	1	M00016825	0
NA	4	1	M00016826	0
NA	4	1	M00016827	0
NA	4	1	M00016828	0
NA	4	1	M00016829	-1
NA	4	1	M00016830	0
NA	4	1	M00016831	0
NA	4	1	M00016832	0
NA	4	1	M00016833	0
NA	4	1	M00016834	0
NA	4	1	M00016835	0
NA	4	1	M00016836	0
NA	4	1	M00016837	0
NA	4	1	M00016838	0
NA	4	1	M00016839	0
NA	4	1	M00016840	0
NA	4	1	M00023775	0
NA	4	1	M00023776	-1
NA	4	1	M00023777	0
NA	4	1	M00023778	0
NA	4	1	M00023779	0
NA	4	1	M00023780	0
NA	4	1	M00023781	0
NA	4	1	M00023782	0
NA	4	1	M00023783	0
NA	4	1	M00023784	0
NA	4	1	M00023785	0
NA	4	1	M00023786	0
NA	4	1	M00023787	0
NA	4	1	M00023788	0
NA	4	1	M00023789	-1
NA	4	1	M00023790	0
NA	4	1	M00023791	0
NA	4	1	M00023792	0
NA	4	1	M00023793	0
NA	4	1	M00023794	0
NA	4	1	M00023795	1
NA	4	1	M00023796	0
NA	4	1	M00023797	-1
NA	4	1	M00023798	0
NA	4	1	M00023799	0
NA	5	1	M00000180	0
NA	5	1	M00000181	0
NA	5	1	M00000182	0
NA	5	1	M00000183	0
NA	5	1	M00000184	0
NA	5	1	M00000185	0
NA	5	1	M00000186	0
NA	5	1	M00000187	0
NA	5	1	M00000188	0
NA	5	1	M00000189	0
NA	5	1	M00000190	-1
NA	5	1	M00000191	0
NA	5	1	M00000192	-1
NA	5	1	M00000193	0
NA	5	1	M00000194	0
NA	5	1	M00000195	-1
NA	5	1	M00000196	0
NA	5	1	M00000197	0
NA	5	1	M00000198	0
NA	5	1	M00000199	0
NA	5	1	M00000200	0
NA	5	1	M00000201	0
NA	5	1	M00000202	0
NA	5	1	M00000203	1
NA	5	1	M00000204	0
NA	5	1	M00000205	0
NA	5	1	M00000206	0
NA	5	1	M00000207	0
NA	5	1	M00000208	0
NA	5	1	M00000209	0
NA	5	1	M00000210	1
NA	5	1	M00000211	1
NA	5	1	M00000212	0
NA	5	1	M00000213	1
NA	5	1	M00000214	-1
NA	5	1	M00000215	1
NA	5	1	M00000216	1
NA	5	1	M00000217	1
NA	5	1	M00000219	1
NA	5	1	M00000220	0
NA	5	1	M00000221	-1
NA	5	1	M00000222	0
NA	5	1	M00000223	0
NA	5	1	M00000224	0
NA	5	1	M00000225	0
NA	5	1	M00000226	0
NA	5	1	M00000227	0
NA	5	1	M00000228	0
NA	5	1	M00000229	0
NA	5	1	M00000230	0
NA	5	1	M00000231	0
NA	5	1	M00000232	0
NA	5	1	M00000233	0
NA	5	1	M00000234	0
NA	5	1	M00000235	0
NA	5	1	M00000237	0
NA	5	1	M00000238	0
NA	5	1	M00000239	-1
NA	5	1	M00000240	0
NA	5	1	M00000241	0
NA	5	1	M00000242	0
NA	5	1	M00000243	0
NA	5	1	M00000244	0
NA	5	1	M00000245	0
NA	5	1	M00000246	-1
NA	5	1	M00000247	-1
NA	5	1	M00000248	0
NA	5	1	M00000249	0
NA	5	1	M00000250	0
NA	5	1	M00000251	-1
NA	5	1	M00000252	0
NA	5	1	M00000253	0
NA	5	1	M00000254	0
NA	5	1	M00000255	0
NA	5	1	M00000256	0
NA	5	1	M00000257	0
NA	5	1	M00000258	-1
NA	5	1	M00000259	-1
NA	5	1	M00000260	0
NA	5	1	M00000261	0
NA	5	1	M00000262	0
NA	5	1	M00000263	0
NA	5	1	M00000264	0
NA	5	1	M00000265	0
NA	5	1	M00000266	0
NA	5	1	M00000267	0
NA	5	1	M00000268	0
NA	5	1	M00000269	-1
NA	5	1	M00000270	0
NA	5	1	M00000271	0
NA	5	1	M00000272	0
NA	5	1	M00000273	0
NA	5	1	M00000274	0
NA	5	1	M00000275	0
NA	5	1	M00000276	-1
NA	5	1	M00000277	0
NA	5	1	M00000278	0
NA	5	1	M00000279	0
NA	5	1	M00000280	0
NA	5	1	M00000281	0
NA	5	1	M00000282	0
NA	5	1	M00000283	0
NA	5	1	M00000284	0
NA	5	1	M00000285	0
NA	5	1	M00000286	0
NA	5	1	M00000287	0
NA	5	1	M00000288	0
NA	5	1	M00000289	0
NA	5	1	M00000290	0
NA	5	1	M00000291	-1
NA	5	1	M00000292	0
NA	5	1	M00000293	0
NA	5	1	M00000294	0
NA	5	1	M00000295	0
NA	5	1	M00000296	0
NA	5	1	M00000297	-1
NA	5	1	M00000298	0
NA	5	1	M00000299	-1
NA	5	1	M00000300	0
NA	5	1	M00000301	0
NA	5	1	M00000302	0
NA	5	1	M00000303	0
NA	5	1	M00000304	-1
NA	5	1	M00000305	0
NA	5	1	M00000306	0
NA	5	1	M00000307	0
NA	5	1	M00000308	0
NA	5	1	M00000309	-1
NA	5	1	M00000310	-1
NA	5	1	M00000311	0
NA	5	1	M00000312	0
NA	5	1	M00000313	0
NA	5	1	M00000314	0
NA	5	1	M00000315	0
NA	5	1	M00000316	0
NA	5	1	M00000317	0
NA	5	1	M00000318	0
NA	5	1	M00000319	-1
NA	5	1	M00000320	0
NA	5	1	M00000321	0
NA	5	1	M00000322	0
NA	5	1	M00000323	-1
NA	5	1	M00000324	0
NA	5	1	M00000325	-1
NA	5	1	M00000326	0
NA	5	1	M00000327	0
NA	5	1	M00000328	-1
NA	5	1	M00000329	0
NA	5	1	M00000330	0
NA	5	1	M00000331	0
NA	5	1	M00000332	0
NA	5	1	M00000333	0
NA	5	1	M00000334	0
NA	5	1	M00000335	0
NA	5	1	M00000336	0
NA	5	1	M00000337	0
NA	5	1	M00000338	0
NA	5	1	M00000339	0
NA	5	1	M00000340	0
NA	5	1	M00000341	0
NA	5	1	M00000342	0
NA	5	1	M00000343	-1
NA	5	1	M00000344	0
NA	5	1	M00000345	-1
NA	5	1	M00000346	0
NA	5	1	M00000347	0
NA	5	1	M00000348	0
NA	5	1	M00000349	0
NA	5	1	M00000350	0
NA	5	1	M00000351	-1
NA	5	1	M00000352	0
NA	5	1	M00000353	0
NA	5	1	M00000354	0
NA	5	1	M00000355	0
NA	5	1	M00000356	0
NA	5	1	M00000357	0
NA	5	1	M00000358	0
NA	5	1	M00000359	0
NA	5	1	M00000360	0
NA	5	1	M00000361	0
NA	5	1	M00000362	0
NA	5	1	M00000363	0
NA	5	1	M00000364	0
NA	5	1	M00000365	0
NA	5	1	M00000366	0
NA	5	1	M00000367	0
NA	5	1	M00000368	-1
NA	5	1	M00000369	0
NA	5	1	M00000370	0
NA	5	1	M00000371	0
NA	5	1	M00000372	0
NA	5	1	M00000373	0
NA	5	1	M00000374	0
NA	5	1	M00000375	0
NA	5	1	M00000376	0
NA	5	1	M00000377	0
NA	5	1	M00000378	0
NA	5	1	M00000379	0
NA	5	1	M00000380	0
NA	5	1	M00000381	0
NA	5	1	M00000382	0
NA	5	1	M00000383	0
NA	5	1	M00000384	0
NA	5	1	M00000385	0
NA	5	1	M00000386	0
NA	5	1	M00000387	0
NA	5	1	M00000388	-1
NA	5	1	M00000389	0
NA	5	1	M00000390	0
NA	5	1	M00000391	0
NA	5	1	M00000392	0
NA	5	1	M00000393	0
NA	5	1	M00000394	0
NA	5	1	M00000395	0
NA	5	1	M00000396	0
NA	5	1	M00000397	0
NA	5	1	M00000398	0
NA	5	1	M00000399	0
NA	5	1	M00000400	-1
NA	5	1	M00000401	0
NA	5	1	M00000402	0
NA	5	1	M00000403	0
NA	5	1	M00000404	0
NA	5	1	M00000405	-1
NA	5	1	M00000406	0
NA	5	1	M00000407	0
NA	5	1	M00000408	0
NA	5	1	M00000409	0
NA	5	1	M00000410	0
NA	5	1	M00000411	0
NA	5	1	M00000412	0
NA	5	1	M00000413	0
NA	5	1	M00000414	0
NA	5	1	M00000415	0
NA	5	1	M00000416	0
NA	5	1	M00000417	0
NA	5	1	M00000418	0
NA	5	1	M00000419	0
NA	5	1	M00000420	0
NA	5	1	M00000421	0
NA	5	1	M00000422	0
NA	5	1	M00008200	0
NA	5	1	M00008201	0
NA	5	1	M00008202	-1
NA	5	1	M00008203	0
NA	5	1	M00008204	0
NA	5	1	M00008205	0
NA	5	1	M00008206	0
NA	5	1	M00008207	0
NA	5	1	M00008208	0
NA	5	1	M00008209	1
NA	5	1	M00008210	0
NA	5	1	M00008211	0
NA	5	1	M00008212	-1
NA	5	1	M00008213	1
NA	5	1	M00008214	0
NA	5	1	M00008215	0
NA	5	1	M00008216	0
NA	5	1	M00008217	0
NA	5	1	M00008218	0
NA	5	1	M00008219	0
NA	5	1	M00008220	0
NA	5	1	M00008221	0
NA	5	1	M00008222	0
NA	5	1	M00008223	0
NA	5	1	M00008225	0
NA	5	1	M00008226	0
NA	5	1	M00008227	-1
NA	5	1	M00008228	0
NA	5	1	M00008229	0
NA	5	1	M00008230	0
NA	5	1	M00008231	0
NA	5	1	M00008232	-1
NA	5	1	M00008233	0
NA	5	1	M00008235	1
NA	5	1	M00008236	0
NA	5	1	M00008237	0
NA	5	1	M00008238	0
NA	5	1	M00008239	0
NA	5	1	M00008240	0
NA	5	1	M00008241	0
NA	5	1	M00008242	0
NA	5	1	M00008243	0
NA	5	1	M00008244	0
NA	5	1	M00008245	-1
NA	5	1	M00008246	0
NA	5	1	M00008247	0
NA	5	1	M00008248	0
NA	5	1	M00008249	0
NA	5	1	M00008250	-1
NA	5	1	M00008251	0
NA	5	1	M00008252	0
NA	5	1	M00008254	-1
NA	5	1	M00008255	-1
NA	5	1	M00008256	0
NA	5	1	M00008258	0
NA	5	1	M00008260	0
NA	5	1	M00008261	0
NA	5	1	M00008262	1
NA	5	1	M00008263	0
NA	5	1	M00008264	0
NA	5	1	M00008265	0
NA	5	1	M00008266	0
NA	5	1	M00008267	0
NA	5	1	M00008268	0
NA	5	1	M00008269	0
NA	5	1	M00008270	0
NA	5	1	M00008271	0
NA	5	1	M00008272	0
NA	5	1	M00008273	0
NA	5	1	M00008274	0
NA	5	1	M00008275	0
NA	5	1	M00008276	0
NA	5	1	M00008277	0
NA	5	1	M00008278	0
NA	5	1	M00008279	0
NA	5	1	M00008280	0
NA	5	1	M00008281	0
NA	5	1	M00008282	0
NA	5	1	M00008283	0
NA	5	1	M00008284	0
NA	5	1	M00008285	-1
NA	5	1	M00008286	-1
NA	5	1	M00008288	0
NA	5	1	M00008289	0
NA	5	1	M00008290	0
NA	5	1	M00008291	0
NA	5	1	M00008292	0
NA	5	1	M00008293	-1
NA	5	1	M00008294	0
NA	5	1	M00008295	0
NA	5	1	M00008296	0
NA	5	1	M00008297	-1
NA	5	1	M00008298	-1
NA	5	1	M00008299	-1
NA	5	1	M00008501	0
NA	5	1	M00008503	0
NA	5	1	M00008504	0
NA	5	1	M00008506	-1
NA	5	1	M00008507	-1
NA	5	1	M00008508	-1
NA	5	1	M00008509	0
NA	5	1	M00008511	0
NA	5	1	M00008512	0
NA	5	1	M00008513	0
NA	5	1	M00008514	0
NA	5	1	M00008515	0
NA	5	1	M00008516	0
NA	5	1	M00008518	0
NA	5	1	M00008519	0
NA	5	1	M00008521	0
NA	5	1	M00008522	0
NA	5	1	M00008523	0
NA	5	1	M00008524	0
NA	5	1	M00008525	0
NA	5	1	M00008526	0
NA	5	1	M00008527	0
NA	5	1	M00008528	0
NA	5	1	M00008529	0
NA	5	1	M00008530	-1
NA	5	1	M00008531	0
NA	5	1	M00008532	-1
NA	5	1	M00008533	-1
NA	5	1	M00008534	0
NA	5	1	M00008535	0
NA	5	1	M00008536	0
NA	5	1	M00008537	-1
NA	5	1	M00008538	-1
NA	5	1	M00008539	0
NA	5	1	M00008540	0
NA	5	1	M00008541	0
NA	5	1	M00008542	0
NA	5	1	M00008544	-1
NA	5	1	M00008545	0
NA	5	1	M00008546	-1
NA	5	1	M00008547	0
NA	5	1	M00008548	0
NA	5	1	M00008549	0
NA	5	1	M00008550	0
NA	5	1	M00008551	-1
NA	5	1	M00008552	0
NA	5	1	M00008553	-1
NA	5	1	M00008554	0
NA	5	1	M00008555	0
NA	5	1	M00008556	-1
NA	5	1	M00008557	0
NA	5	1	M00008558	-1
NA	5	1	M00008559	0
NA	5	1	M00008560	0
NA	5	1	M00008561	0
NA	5	1	M00008562	0
NA	5	1	M00008563	0
NA	5	1	M00008564	0
NA	5	1	M00008565	-1
NA	5	1	M00008566	0
NA	5	1	M00008567	0
NA	5	1	M00008568	0
NA	5	1	M00008570	0
NA	5	1	M00008572	0
NA	5	1	M00008573	0
NA	5	1	M00008574	0
NA	5	1	M00008575	0
NA	5	1	M00008576	0
NA	5	1	M00008577	0
NA	5	1	M00008578	0
NA	5	1	M00008579	0
NA	5	1	M00008580	-1
NA	5	1	M00008581	0
NA	5	1	M00008582	-1
NA	5	1	M00008583	0
NA	5	1	M00008585	0
NA	5	1	M00008586	0
NA	5	1	M00008587	0
NA	5	1	M00008588	0
NA	5	1	M00008589	-1
NA	5	1	M00008590	0
NA	5	1	M00008591	0
NA	5	1	M00008592	0
NA	5	1	M00008593	0
NA	5	1	M00008594	0
NA	5	1	M00008595	0
NA	5	1	M00008596	0
NA	5	1	M00008597	0
NA	5	1	M00008598	0
NA	5	1	M00008599	-1
NA	5	1	M00008600	0
NA	5	1	M00008601	0
NA	5	1	M00008602	0
NA	5	1	M00008604	0
NA	5	1	M00008605	0
NA	5	1	M00008606	0
NA	5	1	M00008607	0
NA	5	1	M00008608	0
NA	5	1	M00008609	0
NA	5	1	M00008611	-1
NA	5	1	M00008612	0
NA	5	1	M00008614	-1
NA	5	1	M00008616	0
NA	5	1	M00008617	-1
NA	5	1	M00008618	-1
NA	5	1	M00008619	0
NA	5	1	M00008620	0
NA	5	1	M00008621	-1
NA	5	1	M00008622	0
NA	5	1	M00008623	0
NA	5	1	M00008624	0
NA	5	1	M00008625	0
NA	5	1	M00008626	-1
NA	5	1	M00008627	0
NA	5	1	M00008628	0
NA	5	1	M00008629	-1
NA	5	1	M00008630	0
NA	5	1	M00008631	0
NA	5	1	M00008632	0
NA	5	1	M00008633	0
NA	5	1	M00008634	-1
NA	5	1	M00008635	0
NA	5	1	M00008636	0
NA	5	1	M00008637	0
NA	5	1	M00008638	0
NA	5	1	M00008640	0
NA	5	1	M00008641	0
NA	5	1	M00008642	0
NA	5	1	M00008643	0
NA	5	1	M00008644	0
NA	5	1	M00008645	0
NA	5	1	M00008646	0
NA	5	1	M00008647	0
NA	5	1	M00008648	0
NA	5	1	M00008649	0
NA	5	1	M00008650	-1
NA	5	1	M00008651	0
NA	5	1	M00008652	0
NA	5	1	M00008653	0
NA	5	1	M00008654	0
NA	5	1	M00008655	0
NA	5	1	M00008656	0
NA	5	1	M00008657	0
NA	5	1	M00008658	-1
NA	5	1	M00008659	0
NA	5	1	M00015200	0
NA	5	1	M00015201	0
NA	5	1	M00015202	0
NA	5	1	M00015203	0
NA	5	1	M00015204	0
NA	5	1	M00015205	0
NA	5	1	M00015206	0
NA	5	1	M00015207	0
NA	5	1	M00015208	0
NA	5	1	M00015209	0
NA	5	1	M00015210	0
NA	5	1	M00015211	0
NA	5	1	M00015212	0
NA	5	1	M00015213	0
NA	5	1	M00015214	0
NA	5	1	M00015215	0
NA	5	1	M00015216	0
NA	5	1	M00015217	0
NA	5	1	M00015218	0
NA	5	1	M00015219	0
NA	5	1	M00015220	0
NA	5	1	M00015221	0
NA	5	1	M00015222	0
NA	5	1	M00015223	0
NA	5	1	M00015224	0
NA	5	1	M00015225	0
NA	5	1	M00015226	0
NA	5	1	M00015227	0
NA	5	1	M00015228	0
NA	5	1	M00015229	0
NA	5	1	M00015230	0
NA	5	1	M00015231	0
NA	5	1	M00015232	0
NA	5	1	M00015233	0
NA	5	1	M00015234	0
NA	5	1	M00015235	0
NA	5	1	M00015236	0
NA	5	1	M00015237	-1
NA	5	1	M00015238	0
NA	5	1	M00015239	0
NA	5	1	M00015240	0
NA	5	1	M00015241	0
NA	5	1	M00015242	0
NA	5	1	M00015243	0
NA	5	1	M00015244	0
NA	5	1	M00015245	0
NA	5	1	M00015246	0
NA	5	1	M00015247	0
NA	5	1	M00015248	0
NA	5	1	M00015249	0
NA	5	1	M00015250	0
NA	5	1	M00015251	0
NA	5	1	M00015252	0
NA	5	1	M00015253	0
NA	5	1	M00015254	0
NA	5	1	M00015255	0
NA	5	1	M00015256	0
NA	5	1	M00015257	0
NA	5	1	M00015258	0
NA	5	1	M00015259	-1
NA	5	1	M00015260	0
NA	5	1	M00015261	-1
NA	5	1	M00015262	0
NA	5	1	M00015263	0
NA	5	1	M00015264	0
NA	5	1	M00015265	0
NA	5	1	M00015266	-1
NA	5	1	M00015267	0
NA	5	1	M00015268	0
NA	5	1	M00015269	0
NA	5	1	M00015270	0
NA	5	1	M00015271	0
NA	5	1	M00015272	0
NA	5	1	M00015273	0
NA	5	1	M00015275	0
NA	5	1	M00015276	0
NA	5	1	M00015277	0
NA	5	1	M00015278	0
NA	5	1	M00015279	-1
NA	5	1	M00015280	0
NA	5	1	M00015281	0
NA	5	1	M00015282	-1
NA	5	1	M00015283	0
NA	5	1	M00015284	-1
NA	5	1	M00015285	0
NA	5	1	M00015286	0
NA	5	1	M00015287	0
NA	5	1	M00015288	0
NA	5	1	M00015289	0
NA	5	1	M00015290	0
NA	5	1	M00015291	0
NA	5	1	M00015292	0
NA	5	1	M00015293	0
NA	5	1	M00015294	0
NA	5	1	M00015295	0
NA	5	1	M00015296	0
NA	5	1	M00015297	0
NA	5	1	M00015298	0
NA	5	1	M00015299	-1
NA	5	1	M00015300	0
NA	5	1	M00015301	0
NA	5	1	M00015302	0
NA	5	1	M00015303	0
NA	5	1	M00015304	0
NA	5	1	M00015305	0
NA	5	1	M00015306	-1
NA	5	1	M00015307	0
NA	5	1	M00015308	0
NA	5	1	M00015309	0
NA	5	1	M00015310	0
NA	5	1	M00015311	0
NA	5	1	M00015312	0
NA	5	1	M00015313	0
NA	5	1	M00015314	0
NA	5	1	M00015315	0
NA	5	1	M00015316	0
NA	5	1	M00015317	0
NA	5	1	M00015318	0
NA	5	1	M00015319	0
NA	5	1	M00015320	0
NA	5	1	M00015321	0
NA	5	1	M00015322	0
NA	5	1	M00015323	0
NA	5	1	M00015324	0
NA	5	1	M00015325	0
NA	5	1	M00015326	0
NA	5	1	M00015327	0
NA	5	1	M00015328	0
NA	5	1	M00015329	0
NA	5	1	M00015330	0
NA	5	1	M00015331	0
NA	5	1	M00015332	0
NA	5	1	M00015333	0
NA	5	1	M00015334	-1
NA	5	1	M00015335	0
NA	5	1	M00015336	0
NA	5	1	M00015337	0
NA	5	1	M00018941	0
NA	5	1	M00018945	0
NA	5	1	M00018946	0
NA	5	1	M00018947	0
NA	5	1	M00018948	0
NA	5	1	M00018949	0
NA	5	1	M00018960	0
NA	5	1	M00018961	-1
NA	5	1	M00018962	0
NA	5	1	M00018963	0
NA	5	1	M00018964	0
NA	5	1	M00018965	0
NA	5	1	M00018966	0
NA	5	1	M00018967	0
NA	5	1	M00018968	0
NA	5	1	M00018969	0
NA	5	1	M00018970	0
NA	5	1	M00018971	0
NA	5	1	M00018972	0
NA	5	1	M00018973	0
NA	5	1	M00018974	0
NA	5	1	M00018975	0
NA	5	1	M00018976	0
NA	5	1	M00018977	0
NA	5	1	M00018978	0
NA	5	1	M00018979	0
NA	5	1	M00019600	0
NA	5	1	M00019601	0
NA	5	1	M00019602	0
NA	5	1	M00019603	0
NA	5	1	M00019604	0
NA	5	1	M00019605	0
NA	5	1	M00019606	0
NA	5	1	M00019607	0
NA	5	1	M00019608	0
NA	5	1	M00019609	-1
NA	5	1	M00019610	0
NA	5	1	M00019611	-1
NA	5	1	M00022101	0
NA	5	1	M00022102	0
NA	5	1	M00022103	-1
NA	5	1	M00022104	0
NA	5	1	M00022105	0
NA	5	1	M00022106	0
NA	5	1	M00022107	0
NA	5	1	M00022108	-1
NA	5	1	M00022109	0
NA	5	1	M00022110	-1
NA	5	1	M00022111	0
NA	5	1	M00022112	-1
NA	5	1	M00022113	0
NA	5	1	M00022114	0
NA	5	1	M00022115	0
NA	5	1	M00022116	0
NA	5	1	M00022117	0
NA	5	1	M00022118	0
NA	5	1	M00022119	-1
NA	5	1	M00022120	0
NA	5	1	M00022121	0
NA	5	1	M00022122	0
NA	5	1	M00022123	0
NA	5	1	M00022124	0
NA	5	1	M00022125	0
NA	5	1	M00022126	0
NA	5	1	M00022127	1
NA	5	1	M00022128	-1
NA	5	1	M00022129	0
NA	5	1	M00022130	0
NA	5	1	M00022131	0
NA	5	1	M00022132	0
NA	5	1	M00022133	0
NA	5	1	M00022134	0
NA	5	1	M00022135	0
NA	5	1	M00022136	0
NA	5	1	M00022137	0
NA	5	1	M00022138	0
NA	5	1	M00022139	0
NA	5	1	M00022140	0
NA	5	1	M00022142	0
NA	5	1	M00022143	0
NA	5	1	M00022144	0
NA	5	1	M00022145	0
NA	5	1	M00022146	0
NA	5	1	M00022147	0
NA	5	1	M00022148	0
NA	5	1	M00022149	0
NA	5	1	M00022150	-1
NA	5	1	M00022151	0
NA	5	1	M00022152	-1
NA	5	1	M00022153	0
NA	5	1	M00022154	0
NA	5	1	M00022155	0
NA	5	1	M00022156	0
NA	5	1	M00022157	0
NA	5	1	M00022158	0
NA	5	1	M00022159	0
NA	5	1	M00022160	-1
NA	5	1	M00022161	0
NA	5	1	M00022163	0
NA	5	1	M00022164	0
NA	5	1	M00022165	0
NA	5	1	M00022166	0
NA	5	1	M00022167	0
NA	5	1	M00022168	0
NA	5	1	M00022169	0
NA	5	1	M00022170	0
NA	5	1	M00022171	0
NA	5	1	M00022172	0
NA	5	1	M00022173	0
NA	5	1	M00022174	0
NA	5	1	M00022175	0
NA	5	1	M00022176	0
NA	5	1	M00022177	0
NA	5	1	M00022178	0
NA	5	1	M00022179	0
NA	5	1	M00022180	0
NA	5	1	M00022181	0
NA	5	1	M00022182	-1
NA	5	1	M00022183	0
NA	5	1	M00022184	0
NA	5	1	M00022185	1
NA	5	1	M00022186	0
NA	5	1	M00022187	0
NA	5	1	M00022188	0
NA	5	1	M00022189	0
NA	5	1	M00022190	0
NA	5	1	M00022191	0
NA	5	1	M00022192	0
NA	5	1	M00022193	0
NA	5	1	M00022194	-1
NA	5	1	M00022195	0
NA	5	1	M00022196	0
NA	5	1	M00022197	0
NA	5	1	M00022198	0
NA	5	1	M00022199	-1
NA	5	1	M00022200	0
NA	5	1	M00022201	0
NA	5	1	M00022202	0
NA	5	1	M00022203	1
NA	5	1	M00022204	-1
NA	5	1	M00022205	0
NA	5	1	M00022206	0
NA	5	1	M00022207	0
NA	5	1	M00022208	0
NA	5	1	M00022209	0
NA	5	1	M00022210	0
NA	5	1	M00022211	0
NA	5	1	M00022212	0
NA	5	1	M00022213	0
NA	5	1	M00022214	0
NA	5	1	M00022215	0
NA	5	1	M00022216	0
NA	5	1	M00022217	0
NA	5	1	M00022218	0
NA	5	1	M00022219	0
NA	5	1	M00022220	0
NA	5	1	M00022221	0
NA	5	1	M00022222	0
NA	5	1	M00022223	0
NA	5	1	M00022224	0
NA	5	1	M00022225	0
NA	5	1	M00022226	0
NA	5	1	M00022228	-1
NA	5	1	M00022229	0
NA	5	1	M00022230	0
NA	5	1	M00022231	0
NA	5	1	M00022232	0
NA	5	1	M00022233	-1
NA	5	1	M00022234	0
NA	5	1	M00022235	0
NA	5	1	M00022236	0
NA	5	1	M00022237	-1
NA	5	1	M00022238	0
NA	5	1	M00022240	0
NA	5	1	M00022241	0
NA	5	1	M00022242	-1
NA	5	1	M00022243	0
NA	5	1	M00022244	0
NA	5	1	M00022245	-1
NA	5	1	M00022246	0
NA	5	1	M00022247	0
NA	5	1	M00022248	0
NA	5	1	M00022249	-1
NA	5	1	M00022250	0
NA	5	1	M00022251	0
NA	5	1	M00022252	0
NA	5	1	M00022253	0
NA	5	1	M00022254	0
NA	5	1	M00022255	0
NA	5	1	M00022256	-1
NA	5	1	M00022257	0
NA	5	1	M00022258	0
NA	5	1	M00022259	0
NA	5	1	M00022260	0
NA	5	1	M00022261	0
NA	5	1	M00022262	-1
NA	5	1	M00022263	-1
NA	5	1	M00022264	0
NA	5	1	M00022265	0
NA	5	1	M00022266	0
NA	5	1	M00022267	-1
NA	5	1	M00022269	0
NA	5	1	M00022270	0
NA	5	1	M00022271	0
NA	5	1	M00022272	0
NA	5	1	M00022273	0
NA	5	1	M00022274	0
NA	5	1	M00022275	0
NA	5	1	M00022277	0
NA	5	1	M00022278	0
NA	5	1	M00022279	0
NA	5	1	M00022280	0
NA	5	1	M00022281	0
NA	5	1	M00022282	0
NA	5	1	M00022283	0
NA	5	1	M00022284	0
NA	5	1	M00022285	-1
NA	5	1	M00022286	0
NA	5	1	M00022287	0
NA	5	1	M00022288	0
NA	5	1	M00022289	-1
NA	5	1	M00022290	0
NA	5	1	M00022291	0
NA	5	1	M00022292	0
NA	5	1	M00022293	-1
NA	5	1	M00022294	0
NA	5	1	M00022295	0
NA	5	1	M00022296	1
NA	5	1	M00022298	0
NA	5	1	M00022299	0
NA	5	1	M00022300	0
NA	5	1	M00022301	0
NA	5	1	M00022302	0
NA	5	1	M00022303	0
NA	5	1	M00022304	0
NA	5	1	M00022305	0
NA	5	1	M00022306	0
NA	5	1	M00022307	0
NA	5	1	M00022308	0
NA	5	1	M00022309	0
NA	5	1	M00022310	-1
NA	5	1	M00022311	0
NA	5	1	M00022312	0
NA	5	1	M00022314	0
NA	5	1	M00022315	0
NA	5	1	M00022316	0
NA	5	1	M00022317	0
NA	5	1	M00022318	0
NA	5	1	M00022319	-1
NA	5	1	M00022320	0
NA	5	1	M00022321	0
NA	5	1	M00022322	0
NA	5	1	M00022323	0
NA	5	1	M00022324	0
NA	5	1	M00022325	0
NA	5	1	M00022326	0
NA	5	1	M00022327	0
NA	5	1	M00022328	0
NA	5	1	M00022329	0
NA	5	1	M00022330	-1
NA	5	1	M00022332	0
NA	5	1	M00022333	-1
NA	5	1	M00022334	-1
NA	5	1	M00022335	-1
NA	5	1	M00022336	-1
NA	5	1	M00022337	0
NA	5	1	M00022338	0
NA	5	1	M00022339	-1
NA	5	1	M00022340	0
NA	5	1	M00022341	0
NA	5	1	M00022342	0
NA	5	1	M00022343	0
NA	5	1	M00022344	0
NA	5	1	M00022345	0
NA	5	1	M00022346	0
NA	5	1	M00022347	0
NA	5	1	M00022348	0
NA	5	1	M00022350	0
NA	5	1	M00022351	0
NA	5	1	M00022352	0
NA	5	1	M00022353	0
NA	5	1	M00022354	0
NA	5	1	M00022355	0
NA	5	1	M00022356	0
NA	5	1	M00022357	0
NA	5	1	M00022358	0
NA	5	1	M00022359	0
NA	5	1	M00022360	0
NA	5	1	M00022361	0
NA	5	1	M00022362	0
NA	5	1	M00022363	0
NA	5	1	M00022364	0
NA	5	1	M00022365	0
NA	5	1	M00022366	0
NA	5	1	M00022367	0
NA	5	1	M00022368	0
NA	5	1	M00022369	0
NA	5	1	M00022370	0
NA	5	1	M00022371	0
NA	5	1	M00022372	0
NA	5	1	M00022373	0
NA	5	1	M00022374	0
NA	5	1	M00022375	0
NA	5	1	M00022376	0
NA	5	1	M00022377	0
NA	5	1	M00022378	0
NA	5	1	M00022379	0
NA	5	1	M00022380	0
NA	5	1	M00022381	-1
NA	5	1	M00022382	0
NA	5	1	M00022383	0
NA	5	1	M00022384	0
NA	5	1	M00022385	0
NA	5	1	M00022386	-1
NA	5	1	M00022387	-1
NA	5	1	M00022388	0
NA	5	1	M00022389	0
NA	5	1	M00022390	-1
NA	5	1	M00022391	0
NA	5	1	M00022392	0
NA	5	1	M00022393	0
NA	5	1	M00022394	0
NA	5	1	M00022395	0
NA	5	1	M00022396	0
NA	5	1	M00022397	0
NA	5	1	M00022398	0
NA	5	1	M00022399	0
NA	5	1	M00023700	0
NA	5	1	M00023701	0
NA	5	1	M00023702	0
NA	5	1	M00023703	0
NA	5	1	M00023704	0
NA	5	1	M00023705	0
NA	5	1	M00023706	0
NA	5	1	M00023707	0
NA	5	1	M00023708	0
NA	5	1	M00023709	0
NA	5	1	M00023710	0
NA	5	1	M00023711	0
NA	5	1	M00023712	0
NA	5	1	M00023713	0
NA	5	1	M00023714	0
NA	5	1	M00023715	-1
NA	5	1	M00023716	0
NA	5	1	M00023717	0
NA	5	1	M00023718	0
NA	5	1	M00023719	0
